-25.09332,0.99808
-24.94115,0.99808
-24.8212,0.99829
-24.72993,0.99842
-24.61315,0.99854
-24.45393,0.99854
-24.34178,0.99842
-24.26822,0.99842
-24.10137,0.99808
-23.99632,0.99817
-23.88578,0.99796
-23.73291,0.99772
-23.61683,0.9976
-23.52199,0.9976
-23.35731,0.9976
-23.24939,0.9976
-23.13572,0.99772
-23.0365,0.99784
-22.86535,0.99796
-22.75929,0.9982
-22.65821,0.99844
-22.51264,0.99866
-22.39961,0.99902
-22.30507,0.99902
-22.14223,0.9989
-22.02948,0.99878
-21.90966,0.99832
-21.75717,0.99796
-21.64597,0.99735
-21.54032,0.99699
-21.43368,0.99641
-21.27981,0.99535
-21.16356,0.99475
-21.06849,0.99415
-20.89602,0.99298
-20.73831,0.9919
-20.62388,0.99119
-20.47617,0.99002
-20.35688,0.98954
-20.24459,0.98885
-20.07944,0.9879
-19.96409,0.98721
-19.85612,0.98686
-19.77161,0.98638
-19.58985,0.98558
-19.49199,0.98511
-19.35489,0.98605
-19.21133,0.98499
-19.09796,0.98324
-19.00539,0.98244
-18.85602,0.9815
-18.74556,0.98059
-18.63153,0.97967
-18.47746,0.97886
-18.36346,0.97816
-18.26069,0.9776
-18.0963,0.97725
-17.99025,0.97725
-17.87202,0.97725
-17.77437,0.97737
-17.60258,0.97793
-17.49586,0.97818
-17.384,0.97897
-17.2624,0.97944
-17.13311,0.98047
-17.02701,0.98127
-16.8539,0.98233
-16.75312,0.98313
-16.63634,0.98395
-16.48459,0.98477
-16.38361,0.98558
-16.27516,0.98619
-16.15551,0.98698
-16.01049,0.9879
-15.88874,0.98861
-15.77823,0.98897
-15.63106,0.98968
-15.53172,0.99025
-15.4185,0.99049
-15.25513,0.99097
-15.16345,0.99154
-15.05427,0.99157
-14.88904,0.99226
-14.79641,0.99238
-14.66912,0.99262
-14.55574,0.99286
-14.38941,0.99331
-14.28243,0.99343
-14.17171,0.99367
-14.01022,0.99382
-13.88683,0.99415
-13.78163,0.99406
-13.61146,0.99451
-13.5145,0.99451
-13.40115,0.99463
-13.2418,0.99475
-13.12291,0.9949
-13.02722,0.99502
-12.90851,0.99555
-12.75694,0.99569
-12.6432,0.99547
-12.5331,0.99581
-12.37528,0.99593
-12.28606,0.99583
-12.17992,0.99617
-12.0235,0.99629
-11.91582,0.99641
-11.81251,0.99641
-11.64051,0.99675
-11.53513,0.99687
-11.41886,0.99699
-11.33204,0.99711
-11.16298,0.99735
-11.06728,0.99738
-10.94926,0.99735
-10.78684,0.99772
-10.66904,0.99784
-10.57046,0.99796
-10.42191,0.99808
-10.32553,0.9982
-10.22336,0.99844
-10.06598,0.99844
-9.94556,0.99856
-9.85807,0.9989
-9.73877,0.99914
-9.57637,0.99939
-9.45781,0.99951
-9.3622,0.99975
-9.19158,0.99999
-9.08574,1.00023
-8.97444,1.00036
-8.82527,1.00082
-8.72658,1.00096
-8.63212,1.0013
-8.47029,1.00179
-8.36127,1.00191
-8.24462,1.0024
-8.15116,1.00261
-7.97506,1.0031
-7.87506,1.00349
-7.77553,1.00383
-7.61673,1.00454
-7.49485,1.00481
-7.40475,1.00528
-7.21916,1.00633
-7.11597,1.00672
-6.97467,1.00746
-6.823,1.0083
-6.70879,1.00879
-6.60659,1.00928
-6.50692,1.00978
-6.34392,1.01086
-6.22719,1.0117
-6.14166,1.0122
-5.98235,1.01319
-5.88051,1.01425
-5.76091,1.01513
-5.60883,1.01613
-5.49391,1.01722
-5.38918,1.01797
-5.25499,1.01945
-5.15284,1.02046
-5.03351,1.02191
-4.89114,1.02343
-4.77965,1.02479
-4.67791,1.02607
-4.55943,1.02794
-4.41644,1.03009
-4.31036,1.03233
-4.18818,1.03449
-4.03047,1.03793
-3.93309,1.04024
-3.82517,1.04295
-3.71429,1.0463
-3.60155,1.05006
-3.50861,1.05332
-3.3454,1.05979
-3.236,1.0646
-3.13673,1.06967
-3.05759,1.07401
-2.91065,1.08248
-2.80504,1.08909
-2.70043,1.09572
-2.56376,1.10533
-2.45165,1.11306
-2.35747,1.1196
-2.20496,1.12958
-2.13705,1.1335
-2.02552,1.13901
-1.88099,1.14418
-1.78647,1.14599
-1.68634,1.14614
-1.58652,1.14449
-1.46022,1.13995
-1.35314,1.13467
-1.27065,1.12797
-1.10962,1.11455
-1.01799,1.10547
-0.9193,1.09471
-0.76836,1.08108
-0.65962,1.07115
-0.53849,1.06074
-0.38936,1.05006
-0.29736,1.04528
-0.18953,1.04102
-0.08373,1.03858
0.0787,1.03845
0.17284,1.04014
0.27292,1.04396
0.44064,1.05309
0.53498,1.06006
0.64448,1.06848
0.78132,1.08192
0.88159,1.09166
0.98138,1.10187
1.11298,1.11395
1.20406,1.1233
1.29996,1.1298
1.4139,1.13722
1.54813,1.14362
1.65905,1.1459
1.74778,1.14661
1.89053,1.14449
1.97515,1.14175
2.07982,1.13722
2.21658,1.12949
2.31803,1.12285
2.40157,1.11756
2.56372,1.10547
2.62703,1.10164
2.73722,1.09418
2.83041,1.08757
2.99466,1.07814
3.08852,1.07345
3.19049,1.06784
3.34042,1.06033
3.43983,1.0569
3.53685,1.05309
3.69956,1.04775
3.79249,1.04502
3.89394,1.0422
4.0681,1.03809
4.16965,1.03592
4.2484,1.03427
4.36047,1.03237
4.496,1.03009
4.60226,1.02846
4.70063,1.02718
4.88927,1.02492
4.98912,1.02381
5.08981,1.02235
5.25671,1.02096
5.35151,1.01996
5.45585,1.0191
5.61533,1.01763
5.71381,1.017
5.81778,1.01625
5.90923,1.01553
6.09423,1.01419
6.19141,1.01357
6.29337,1.01304
6.46139,1.01201
6.58929,1.01148
6.68977,1.01077
6.83644,1.01015
6.94367,1.00963
7.05129,1.00907
7.2103,1.00833
7.3292,1.00783
7.42483,1.00739
7.5615,1.007
7.6826,1.0065
7.79644,1.00613
7.89466,1.00567
8.04255,1.0053
8.15674,1.00494
8.26018,1.00469
8.40178,1.00411
8.53169,1.00386
8.62444,1.00362
8.77922,1.00328
8.90816,1.00303
9.01303,1.00288
9.17284,1.00264
9.25591,1.0024
9.34659,1.0023
9.47052,1.00206
9.621,1.00215
9.74528,1.00169
9.83435,1.00157
10.00197,1.00145
10.11008,1.00145
10.2263,1.00133
10.38035,1.00118
10.48901,1.00096
10.58843,1.00084
10.74859,1.00048
10.85608,1.0005
10.95781,1.00062
11.05544,1.00048
11.21108,1.00014
11.3269,1.00002
11.44298,1.00002
11.59536,0.99987
11.71211,0.99965
11.80271,0.99965
11.97554,0.99929
12.06635,0.99953
12.19134,0.99941
12.34796,0.99929
12.4677,0.99893
12.56751,0.99871
12.6885,0.9988
12.8478,0.99868
12.96132,0.99834
13.06648,0.99846
13.22915,0.99832
13.32803,0.99822
13.44333,0.9981
13.59878,0.99786
13.71442,0.99764
13.82274,0.99752
13.98653,0.99752
14.08938,0.9974
14.20535,0.99716
14.29232,0.99716
14.43848,0.99704
14.54611,0.99704
14.66194,0.9968
14.81867,0.9968
14.94098,0.99668
15.04889,0.99668
15.20808,0.99454
15.30298,0.99384
15.41886,0.99348
15.57708,0.99288
15.67787,0.9924
15.77728,0.99195
15.89955,0.99123
16.06024,0.99006
16.13733,0.98982
16.25464,0.9889
16.41802,0.98794
16.52298,0.98714
16.63389,0.98643
16.79272,0.98536
16.90051,0.98456
16.99693,0.98374
17.18321,0.98315
17.28281,0.98237
17.40338,0.98178
17.51588,0.98143
17.67902,0.98096
17.7869,0.98084
17.87501,0.98073
18.02761,0.98084
18.1433,0.98122
18.25299,0.98155
18.42689,0.98246
18.52998,0.98327
18.63061,0.98421
18.79878,0.98548
18.90646,0.98586
19.00182,0.98678
19.12362,0.98806
19.26906,0.99171
19.39506,0.99502
19.48945,0.99704
19.6906,1.00026
19.79228,1.00123
19.90268,1.00218
20.06679,1.00279
20.18194,1.00291
20.28012,1.00254
20.44559,1.00133
20.53684,0.99977
20.64767,0.99767
20.80584,0.99716
20.92536,0.9974
21.02663,0.99752
21.13461,0.99777
21.28426,0.99801
21.39532,0.99834
21.49663,0.99859
21.66542,0.99895
21.7774,0.99907
21.88099,0.9974
22.02906,1.00254
22.14113,1.00218
22.24001,1.00254
22.41673,1.00242
22.51606,1.00218
22.63807,1.00218
22.73147,1.00191
22.90158,1.00145
22.97474,1.00123
23.08748,1.00123
23.23286,1.00145
23.35943,1.00181
23.4568,1.00169
23.61398,1.00169
23.73855,1.00157
23.84609,1.0016
23.99053,1.00169
24.10815,1.00169
24.20682,1.00169
24.32444,1.00147
24.47709,1.0016
24.59585,1.00169
24.6832,1.00157
24.84811,1.00169
24.95208,1.00169
25.06028,1.0016
25.21612,1.00135
25.32914,1.00147
25.42014,1.00123
25.58746,1.00099
25.68367,1.00099
25.81044,1.00099
25.90669,1.00087
26.08104,1.00075
