-20.15597,0.99712
-20.0123,0.99726
-19.91141,0.99753
-19.82908,0.99767
-19.67949,0.99767
-19.58245,0.9978
-19.50471,0.99794
-19.34583,0.99767
-19.24984,0.99753
-19.16446,0.99739
-19.05396,0.99726
-18.93121,0.99712
-18.81977,0.99698
-18.73732,0.99685
-18.58558,0.99671
-18.4416,0.99671
-18.33812,0.99685
-18.20618,0.99698
-18.11492,0.99685
-18.00391,0.99698
-17.87336,0.99698
-17.76883,0.99712
-17.67322,0.99698
-17.59312,0.99698
-17.44537,0.99712
-17.3432,0.99698
-17.24329,0.99712
-17.10505,0.99698
-17.00243,0.99712
-16.92808,0.99712
-16.80647,0.99698
-16.69806,0.99698
-16.59618,0.99712
-16.46425,0.99712
-16.36312,0.99712
-16.2632,0.99712
-16.12114,0.99712
-16.03464,0.99712
-15.93815,0.99704
-15.83756,0.99712
-15.69345,0.99712
-15.59957,0.99712
-15.50032,0.99712
-15.39981,0.99726
-15.29743,0.99712
-15.2022,0.99712
-15.05254,0.99712
-14.95917,0.99712
-14.85864,0.99726
-14.72025,0.99726
-14.63022,0.99726
-14.53813,0.99726
-14.43546,0.99712
-14.30198,0.99726
-14.19868,0.99726
-14.10362,0.99712
-13.97546,0.99726
-13.88564,0.99712
-13.78524,0.99726
-13.6462,0.99712
-13.54606,0.99712
-13.44891,0.99712
-13.3073,0.99712
-13.22927,0.99712
-13.12671,0.99712
-13.03247,0.99712
-12.87997,0.99712
-12.79181,0.99712
-12.68854,0.99698
-12.55277,0.99698
-12.43806,0.99698
-12.34662,0.99698
-12.19642,0.99685
-12.11769,0.99685
-12.01268,0.99671
-11.86489,0.99685
-11.76897,0.99671
-11.68284,0.99657
-11.58665,0.99671
-11.44269,0.9965
-11.34442,0.99671
-11.25225,0.99671
-11.1059,0.99671
-11.02419,0.99671
-10.94153,0.99671
-10.79156,0.99671
-10.69183,0.99671
-10.5995,0.99671
-10.45303,0.99671
-10.36114,0.99671
-10.26177,0.99671
-10.17909,0.99671
-10.03144,0.99671
-9.94338,0.99671
-9.84564,0.9965
-9.70134,0.99671
-9.5997,0.99671
-9.50694,0.99685
-9.38858,0.99685
-9.29274,0.99698
-9.20682,0.99698
-9.06014,0.99677
-8.96043,0.99712
-8.87293,0.99712
-8.76766,0.99712
-8.6387,0.99726
-8.53139,0.99726
-8.44054,0.99739
-8.28922,0.99753
-8.19518,0.99767
-8.09601,0.9978
-7.96444,0.99794
-7.88344,0.99808
-7.79918,0.99821
-7.65353,0.99856
-7.55275,0.99862
-7.4501,0.99876
-7.36326,0.99911
-7.21542,0.99835
-7.12004,0.99397
-7.0469,0.98571
-6.87868,0.96281
-6.77241,0.9538
-6.685,0.94831
-6.53904,0.94227
-6.42869,0.94035
-6.29537,0.94023
-6.16296,0.94276
-6.0553,0.94831
-5.95299,0.95673
-5.85845,0.97034
-5.72774,0.98598
-5.60411,0.99003
-5.54123,0.99118
-5.39227,0.99316
-5.28847,0.99473
-5.18417,0.99609
-5.04862,0.99808
-4.94859,1.00015
-4.85369,1.00152
-4.7305,1.00353
-4.63276,1.00527
-4.5281,1.00729
-4.40571,1.00996
-4.30017,1.012
-4.21144,1.0134
-4.12422,1.0156
-3.98584,1.01887
-3.88662,1.02122
-3.79253,1.02374
-3.65092,1.02763
-3.56669,1.03017
-3.45241,1.03382
-3.36856,1.03668
-3.27404,1.04022
-3.18397,1.04356
-3.02823,1.05029
-2.94442,1.05414
-2.85006,1.05893
-2.75939,1.06369
-2.63515,1.07011
-2.54979,1.07465
-2.44445,1.08016
-2.32133,1.08693
-2.23892,1.09127
-2.13931,1.0958
-2.0045,1.10119
-1.93829,1.10307
-1.8504,1.10496
-1.71437,1.10579
-1.62664,1.10463
-1.54669,1.10258
-1.44861,1.09898
-1.33168,1.0928
-1.24016,1.08613
-1.15063,1.07905
-1.01355,1.06655
-0.93271,1.05863
-0.83316,1.04886
-0.70972,1.03579
-0.60624,1.02835
-0.49286,1.02001
-0.35434,1.01038
-0.26809,1.00624
-0.16164,1.00277
-0.07627,1.00097
0.06555,1.00084
0.1632,1.00257
0.26339,1.00597
0.40375,1.01312
0.50642,1.02051
0.59259,1.02655
0.72532,1.03903
0.8,1.04669
0.89814,1.05604
1.01429,1.06732
1.10393,1.07543
1.19465,1.08294
1.2941,1.09055
1.42992,1.09898
1.52021,1.10307
1.59434,1.10563
1.72222,1.10753
1.80331,1.10736
1.89702,1.10596
2.02228,1.10241
2.12581,1.09865
2.20791,1.09498
2.34088,1.0879
2.40227,1.08477
2.4965,1.07985
2.58224,1.07505
2.7191,1.06763
2.80423,1.06315
2.8883,1.05924
3.0335,1.05263
3.1171,1.04886
3.2036,1.04557
3.34411,1.04007
3.43304,1.03697
3.52191,1.03382
3.677,1.02937
3.77034,1.02669
3.83768,1.02474
3.94046,1.02237
4.066,1.01958
4.16225,1.01737
4.25835,1.01538
4.39566,1.01234
4.49996,1.01044
4.59017,1.00904
4.72969,1.00624
4.82442,1.00464
4.91245,1.00304
5.05803,1.00076
5.14602,0.99945
5.2466,0.99808
5.33317,0.99677
5.49016,0.99451
5.57968,0.99356
5.67434,0.99213
5.82143,0.98995
5.92062,0.98887
6.01449,0.98772
6.15228,0.98611
6.23597,0.98403
6.349,0.97584
6.49562,0.95741
6.60902,0.94836
6.69607,0.94473
6.82712,0.94219
6.93524,0.94219
7.03245,0.94375
7.11151,0.94605
7.28028,0.95322
7.36262,0.95863
7.47149,0.96837
7.61512,0.98564
7.71364,0.99773
7.79865,1.00007
7.93251,1.00049
8.04291,1.00062
8.13867,1.00049
8.27885,1.00049
8.35556,1.00049
8.43892,1.00049
8.53248,1.00021
8.67056,1.00013
8.78052,1.00021
8.86811,1
9.01966,1.00035
9.10977,1.00021
9.20639,1.00013
9.34403,1.00021
9.44362,1.00035
9.53652,1.00027
9.67782,1.00049
9.76631,1.00027
9.8558,1.00049
9.94084,1.00041
10.08401,1.00062
10.1875,1.00055
10.28377,1.00055
10.42058,1.00076
10.52363,1.00076
10.6071,1.0009
10.75168,1.0009
10.83728,1.00104
10.9504,1.0011
11.0911,1.00117
11.19066,1.00117
11.28663,1.00117
11.39718,1.0011
11.53287,1.00131
11.63827,1.00131
11.72289,1.00131
11.86713,1.00145
11.96052,1.00159
12.06762,1.0018
12.19932,1.00194
12.30005,1.00186
12.39164,1.002
12.5341,1.00235
12.61713,1.00235
12.71925,1.00263
12.8155,1.00263
12.93678,1.00277
13.02123,1.00277
13.13147,1.00277
13.27477,1.00277
13.37268,1.0029
13.46307,1.00304
13.60521,1.0029
13.69283,1.00304
13.79683,1.00304
13.9285,1.00304
14.03089,1.00304
14.11505,1.0031
14.23249,1.00318
14.36044,1.00332
14.42821,1.00332
14.52749,1.00332
14.66689,1.00346
14.75558,1.00346
14.86332,1.00346
15.00002,1.00359
15.09423,1.00359
15.17608,1.00359
15.33113,1.00359
15.41158,1.00373
15.52482,1.00373
15.62197,1.00359
15.75881,1.00373
15.85008,1.00373
15.93303,1.00387
16.06155,1.00387
16.1628,1.00387
16.25296,1.00387
16.40254,1.00387
16.49744,1.00387
16.59129,1.00387
16.7364,1.00387
16.83296,1.00387
16.9221,1.00387
17.01892,1.00387
17.1574,1.00401
17.24694,1.00387
17.33906,1.00387
17.51709,1.00401
17.60314,1.00401
17.69718,1.00401
17.85285,1.00387
17.94534,1.00401
18.03809,1.00401
18.17668,1.00387
18.26951,1.00387
18.35913,1.00387
18.49466,1.00387
18.60795,1.00401
18.69753,1.00401
18.79157,1.00415
18.91737,1.00415
19.01972,1.00429
19.10125,1.00443
19.25182,1.00457
19.34534,1.0047
19.4364,1.00484
19.57484,1.00484
19.67852,1.00492
19.76596,1.0047
19.92438,1.00443
20.00772,1.00429
20.10516,1.00415
20.19312,1.00401
20.35038,1.00373
20.40707,1.00359
20.51331,1.00338
20.64188,1.00318
20.74773,1.00318
20.83662,1.00318
20.98692,1.0029
