-17.98009,0.99854
-17.80248,0.99836
-17.61722,0.99727
-17.4796,0.99691
-17.2993,0.99707
-17.17757,0.99709
-16.99062,0.99686
-16.80788,0.99709
-16.67273,0.99727
-16.48554,0.99709
-16.34634,0.99704
-16.16231,0.99724
-16.00333,0.99724
-15.85665,0.99707
-15.67745,0.99727
-15.50685,0.99745
-15.35175,0.99722
-15.17052,0.99745
-15.03095,0.99745
-14.86334,0.99763
-14.68632,0.99745
-14.53859,0.99763
-14.36364,0.99745
-14.21659,0.99763
-14.0349,0.99724
-13.85779,0.99745
-13.67526,0.99724
-13.49773,0.99724
-13.32551,0.99724
-13.17674,0.99727
-13.00219,0.99727
-12.85534,0.99727
-12.66933,0.99727
-12.51055,0.99688
-12.36134,0.99707
-12.18971,0.99673
-12.00487,0.99649
-11.86038,0.99634
-11.68728,0.99616
-11.53407,0.9958
-11.38348,0.99559
-11.19256,0.99523
-11.04956,0.99505
-10.87183,0.99451
-10.72865,0.99397
-10.55208,0.9925
-10.38016,0.99161
-10.23707,0.99074
-10.05274,0.98943
-9.8682,0.98801
-9.72024,0.98691
-9.53149,0.98549
-9.38427,0.98423
-9.18988,0.98297
-9.01049,0.98209
-8.86549,0.98173
-8.68296,0.98138
-8.53857,0.98121
-8.35505,0.98121
-8.17496,0.98156
-8.0485,0.98191
-7.85507,0.98226
-7.67502,0.98297
-7.52808,0.98408
-7.35073,0.98549
-7.20661,0.98691
-7.01966,0.98872
-6.87414,0.99035
-6.73472,0.99178
-6.55128,0.99361
-6.41194,0.99505
-6.22772,0.99727
-6.03888,0.99945
-5.8971,1.00112
-5.73315,1.0037
-5.55869,1.00685
-5.41318,1.00965
-5.23234,1.01303
-5.10455,1.01569
-4.91883,1.01929
-4.74994,1.02294
-4.58562,1.0264
-4.41037,1.03045
-4.27796,1.03376
-4.09098,1.03887
-3.9284,1.04383
-3.7869,1.04903
-3.6188,1.05549
-3.46346,1.06245
-3.32384,1.06928
-3.16076,1.0785
-3.02001,1.0868
-2.85964,1.09741
-2.68581,1.11
-2.56772,1.11875
-2.42708,1.12925
-2.26406,1.13994
-2.12496,1.14725
-1.98549,1.15129
-1.85141,1.15153
-1.68776,1.14582
-1.53281,1.13364
-1.41917,1.12079
-1.24743,1.09719
-1.11604,1.07639
-0.95635,1.05124
-0.77506,1.0233
-0.63773,1.00425
-0.45601,0.9835
-0.25362,0.96854
-0.11626,0.96286
0.07529,0.96218
0.2197,0.96666
0.40739,0.97925
0.58227,0.99707
0.72028,1.01511
0.88005,1.03926
1.02709,1.06223
1.19272,1.08917
1.35528,1.1129
1.48811,1.12925
1.6369,1.14299
1.8073,1.15153
1.91589,1.15297
2.07357,1.15034
2.20227,1.14512
2.34842,1.1362
2.52084,1.12444
2.6379,1.11559
2.80619,1.10334
2.92855,1.09501
3.09279,1.08467
3.25794,1.07492
3.39353,1.06802
3.56165,1.0604
3.73346,1.05346
3.85883,1.04862
4.04457,1.04282
4.17919,1.03886
4.35624,1.03454
4.52154,1.03043
4.66667,1.02753
4.85218,1.02368
5.00641,1.0206
5.15441,1.01774
5.32537,1.01452
5.45715,1.01226
5.63897,1.00889
5.80589,1.00609
5.97081,1.00386
6.12424,1.00182
6.26681,1.00018
6.44623,0.99833
6.6276,0.99647
6.7646,0.99502
6.94589,0.99302
7.12159,0.99122
7.256,0.98976
7.43527,0.98852
7.5899,0.98724
7.77011,0.98653
7.94535,0.986
8.09798,0.98562
8.27735,0.98567
8.43591,0.98526
8.61607,0.98526
8.79808,0.98582
8.94238,0.98635
9.1196,0.98706
9.30283,0.98813
9.44853,0.98923
9.60911,0.99051
9.75443,0.99176
9.93212,0.9932
10.11587,0.99448
10.26111,0.99538
10.43283,0.99649
10.58813,0.99722
10.74525,0.99794
10.92483,0.99867
11.07264,0.9994
11.24819,1.00015
11.42519,1.00052
11.57243,1.0007
11.75148,1.00109
11.88302,1.00145
12.05922,1.00164
12.23786,1.00182
12.37843,1.002
12.55747,1.00219
12.69921,1.00237
12.87365,1.00237
13.07732,1.00255
13.21579,1.00274
13.40448,1.0031
13.57843,1.00292
13.71662,1.00329
13.90085,1.00331
14.03268,1.00349
14.20932,1.00347
14.38881,1.00365
14.52766,1.00365
14.70748,1.00368
14.88415,1.00383
15.03231,1.00383
15.21101,1.00383
15.32836,1.0042
15.50918,1.00404
15.68629,1.0042
15.83078,1.0042
16.0124,1.0042
16.14879,1.00383
16.33304,1.00402
16.49838,1.00423
16.64252,1.00441
16.82047,1.0042
16.99077,1.0042
17.14012,1.0042
17.3181,1.0042
17.4629,1.0042
17.653,1.00441
17.82809,1.00441
17.97421,1.00439
