-12.10651,0.99862
-12.02767,0.99841
-11.96969,0.99841
-11.8855,0.99861
-11.80363,0.9982
-11.74275,0.9984
-11.6682,0.9982
-11.60914,0.9982
-11.52991,0.9982
-11.44968,0.99798
-11.38876,0.99841
-11.31862,0.9982
-11.2597,0.998
-11.17723,0.998
-11.10279,0.9982
-11.03432,0.99841
-10.95379,0.99862
-10.87865,0.99883
-10.82101,0.99945
-10.74354,0.99904
-10.68075,0.99924
-10.60426,0.99924
-10.5292,0.99924
-10.46796,0.99924
-10.38599,0.99924
-10.33158,0.99924
-10.25266,0.99924
-10.17765,0.99924
-10.11105,0.99924
-10.03707,0.99924
-9.95923,0.99924
-9.89294,0.99944
-9.80994,0.99945
-9.74311,1.00007
-9.66277,1.00028
-9.58474,1.00029
-9.52176,1.00028
-9.44675,1.00049
-9.38182,1.00071
-9.31077,1.00071
-9.23793,1.00091
-9.16782,1.00134
-9.09039,1.00155
-9.01436,1.00176
-8.95025,1.00196
-8.87246,1.00238
-8.81546,1.0026
-8.73983,1.0028
-8.6583,1.0028
-8.59528,1.00322
-8.52167,1.00322
-8.44352,1.00343
-8.38353,1.00364
-8.31076,1.00365
-8.24661,1.00405
-8.16418,1.00449
-8.08819,1.00489
-8.02793,1.0049
-7.94807,1.00512
-7.88756,1.00533
-7.80838,1.00575
-7.72732,1.00595
-7.66641,1.00618
-7.58896,1.00639
-7.51102,1.00701
-7.44831,1.00724
-7.37033,1.00766
-7.31906,1.00807
-7.23708,1.00871
-7.15798,1.00893
-7.09758,1.00936
-7.02132,1.00978
-6.96013,1.01041
-6.88237,1.01063
-6.811,1.01106
-6.74967,1.01148
-6.67144,1.01191
-6.59709,1.01255
-6.53348,1.01299
-6.45631,1.01362
-6.39604,1.01404
-6.32157,1.01469
-6.24849,1.01532
-6.18499,1.01598
-6.1071,1.01642
-6.04628,1.01704
-5.97007,1.01748
-5.89388,1.01856
-5.81564,1.01922
-5.73808,1.02031
-5.66529,1.02118
-5.60063,1.02183
-5.52666,1.02269
-5.46396,1.02356
-5.3889,1.02466
-5.31976,1.02574
-5.25456,1.02686
-5.18047,1.02796
-5.10395,1.02927
-5.04417,1.03062
-4.96975,1.03194
-4.90589,1.03305
-4.84201,1.03439
-4.76276,1.03616
-4.70388,1.03751
-4.63054,1.03908
-4.57106,1.04021
-4.49718,1.04224
-4.42837,1.04385
-4.36659,1.04542
-4.29008,1.04769
-4.21362,1.04998
-4.15621,1.05183
-4.08201,1.05436
-4.02536,1.05598
-3.94635,1.05879
-3.87142,1.06134
-3.81593,1.06346
-3.74055,1.06607
-3.68264,1.06821
-3.60675,1.07129
-3.53286,1.07438
-3.4836,1.07656
-3.40593,1.07967
-3.33554,1.08288
-3.27757,1.08555
-3.20884,1.08847
-3.15168,1.09095
-3.07606,1.09419
-3.01526,1.09691
-2.95831,1.09946
-2.88498,1.10264
-2.82863,1.10471
-2.75776,1.10722
-2.68685,1.10952
-2.63184,1.11129
-2.56658,1.11284
-2.49754,1.11439
-2.43973,1.11516
-2.36776,1.11569
-2.31681,1.11569
-2.24251,1.11516
-2.17305,1.11391
-2.10913,1.11232
-2.03858,1.10978
-1.98289,1.107
-1.90857,1.10293
-1.84287,1.09842
-1.78258,1.09341
-1.70967,1.08727
-1.64567,1.08114
-1.58461,1.07441
-1.51376,1.06655
-1.44872,1.05855
-1.37793,1.04909
-1.30514,1.03954
-1.2392,1.03062
-1.17776,1.02205
-1.09843,1.01106
-1.03509,1.00218
-0.96229,0.9922
-0.89489,0.98364
-0.81526,0.97362
-0.73285,0.96419
-0.67346,0.95761
-0.59187,0.94923
-0.52669,0.94341
-0.44613,0.93729
-0.36124,0.93161
-0.29053,0.92816
-0.21192,0.92473
-0.12001,0.9224
-0.05621,0.92151
0.02967,0.92115
0.09553,0.92204
0.18532,0.92366
0.26581,0.92689
0.33608,0.93034
0.41065,0.93471
0.47975,0.93969
0.5622,0.94622
0.64274,0.95417
0.70814,0.9607
0.78989,0.97007
0.86914,0.97981
0.92234,0.98709
1.00429,0.99717
1.06008,1.00575
1.13804,1.01622
1.21741,1.0273
1.27482,1.0353
1.35241,1.0459
1.40696,1.05322
1.48129,1.06207
1.55496,1.07132
1.61521,1.07777
1.68733,1.08488
1.7576,1.09198
1.81286,1.0967
1.88557,1.10174
1.94081,1.10525
2.01427,1.10906
2.08224,1.11166
2.13666,1.11365
2.21054,1.1152
2.27257,1.11573
2.33142,1.11595
2.40234,1.11598
2.45683,1.11525
2.52648,1.11443
2.59447,1.11288
2.65422,1.11111
2.71519,1.10931
2.7722,1.10726
2.8451,1.10475
2.91955,1.10148
2.97478,1.09946
3.04736,1.09623
3.11503,1.09322
3.16794,1.09102
3.23643,1.08804
3.29796,1.08536
3.37205,1.08193
3.4383,1.07925
3.50055,1.07661
3.57585,1.07372
3.63711,1.07132
3.71006,1.06824
3.78169,1.06562
3.8408,1.06352
3.91417,1.06116
3.98842,1.05858
4.04809,1.0565
4.11344,1.05419
4.17632,1.05258
4.25215,1.05027
4.32563,1.04798
4.38416,1.04661
4.45472,1.04455
4.51769,1.04319
4.58023,1.04183
4.65972,1.0398
4.72003,1.03846
4.79241,1.03688
4.86919,1.03553
4.93226,1.03418
5.00621,1.03264
5.06111,1.03175
5.13525,1.03064
5.2148,1.0293
5.27383,1.02842
5.35051,1.02732
5.41455,1.02623
5.48945,1.02535
5.57237,1.02426
5.631,1.02361
5.71009,1.02252
5.78602,1.02164
5.84409,1.02121
5.92194,1.02013
5.98021,1.0199
6.05456,1.01903
6.13152,1.01818
6.19353,1.01796
6.27266,1.0171
6.34876,1.01645
6.40935,1.01623
6.4858,1.0158
6.53738,1.01538
6.61667,1.01472
6.69383,1.01429
6.75803,1.01364
6.83568,1.013
6.89609,1.01259
6.97626,1.01215
7.0459,1.01173
7.10848,1.01151
7.18651,1.01108
7.25887,1.01066
7.32412,1.01064
7.40217,1.01002
7.46395,1.00959
7.54443,1.00938
7.62293,1.00896
7.68723,1.00895
7.76182,1.00873
7.82435,1.00853
7.90153,1.0081
7.97769,1.0079
8.0348,1.0079
8.11185,1.00726
8.18854,1.00726
8.25014,1.00705
8.32649,1.00661
8.38885,1.00684
8.46571,1.00641
8.53291,1.00641
8.59598,1.0062
8.67131,1.0062
8.73305,1.0062
8.80905,1.00599
8.89053,1.00556
8.95316,1.00578
9.02181,1.00535
9.1038,1.00514
9.16469,1.00493
9.24166,1.00493
9.30372,1.00493
9.37976,1.00451
9.47623,1.00429
9.53361,1.00451
9.62005,1.00409
9.69653,1.00409
9.7523,1.00411
9.83518,1.00369
9.9002,1.00368
9.96779,1.00388
10.04862,1.00366
10.10977,1.00347
10.18969,1.00325
10.24699,1.00325
10.33041,1.00284
10.40727,1.00284
10.45864,1.00303
10.54187,1.00262
10.61903,1.00262
10.68232,1.00262
10.75767,1.00264
10.81576,1.00262
10.89821,1.00241
10.97129,1.00241
11.03473,1.0022
11.11026,1.0022
11.1742,1.0022
11.25484,1.00199
11.33436,1.00179
11.39803,1.00179
11.48043,1.00116
11.56077,1.00115
11.62894,1.00095
11.70293,1.00115
11.76789,1.00095
11.84334,1.00115
11.92212,1.00074
11.97861,1.00074
12.05235,1.00115
12.11534,1.00115
12.19103,1.00115
12.26299,1.00157
12.32875,1.00138
12.40204,1.00116
