-17.65611,0.99742
-17.57084,0.99742
-17.51484,0.99767
-17.46104,0.99792
-17.38458,0.99742
-17.3268,0.99747
-17.2713,0.99742
-17.19327,0.99767
-17.14072,0.99792
-17.08574,0.99767
-17.01671,0.99718
-16.95873,0.99742
-16.90034,0.99767
-16.85603,0.99742
-16.76244,0.99693
-16.71344,0.99677
-16.65375,0.99718
-16.57881,0.99718
-16.52424,0.99668
-16.47296,0.99668
-16.39077,0.99668
-16.34873,0.99693
-16.28957,0.99668
-16.22526,0.99644
-16.16411,0.99644
-16.11435,0.99668
-16.06282,0.99668
-15.98014,0.99644
-15.93373,0.99668
-15.87675,0.99718
-15.80552,0.99718
-15.74934,0.99693
-15.69275,0.99718
-15.61574,0.99698
-15.56092,0.99693
-15.51995,0.99668
-15.43388,0.99668
-15.38365,0.99668
-15.32821,0.99668
-15.2482,0.99668
-15.20035,0.99668
-15.14357,0.99698
-15.10064,0.99693
-15.0357,0.99668
-14.97938,0.99693
-14.92215,0.99718
-14.83845,0.99693
-14.78803,0.99718
-14.73275,0.99722
-14.65571,0.99718
-14.60714,0.99718
-14.55421,0.99718
-14.47271,0.99718
-14.4243,0.99742
-14.37217,0.99688
-14.31861,0.99742
-14.25049,0.99718
-14.2003,0.99693
-14.14271,0.99718
-14.06129,0.99698
-14.0116,0.99693
-13.96225,0.99668
-13.88451,0.99668
-13.83665,0.99693
-13.77716,0.99693
-13.70447,0.99693
-13.64617,0.99668
-13.59308,0.99718
-13.53976,0.99718
-13.451,0.99718
-13.40285,0.99718
-13.34697,0.99742
-13.26156,0.99742
-13.21601,0.99742
-13.15841,0.99742
-13.08306,0.99742
-13.02825,0.99767
-12.98126,0.99742
-12.8997,0.99747
-12.84524,0.99767
-12.79062,0.99772
-12.74157,0.99767
-12.65815,0.99747
-12.62627,0.99772
-12.57156,0.99767
-12.49033,0.99742
-12.43516,0.99767
-12.38495,0.99767
-12.30154,0.99767
-12.24779,0.99767
-12.19849,0.99792
-12.12363,0.99767
-12.06824,0.99772
-12.02189,0.99792
-11.96412,0.99792
-11.88423,0.99792
-11.82933,0.99821
-11.79176,0.99841
-11.70694,0.99862
-11.65076,0.99866
-11.60161,0.99886
-11.52764,0.99886
-11.47156,0.99886
-11.42129,0.99911
-11.34365,0.99825
-11.28571,0.99936
-11.23406,0.99911
-11.1827,0.99936
-11.09854,0.9994
-11.04943,0.9996
-10.99813,0.99965
-10.92598,0.99985
-10.87013,0.99985
-10.82379,0.9999
-10.744,0.99985
-10.68895,1.0001
-10.63357,1.0001
-10.55905,1.0001
-10.50486,1.0001
-10.45023,1.00015
-10.39921,1.0004
-10.32359,1.00035
-10.26787,1.0004
-10.22427,1.00085
-10.14018,1.00085
-10.05737,1.00085
-10.00018,1.00085
-9.92646,1.0011
-9.8703,1.0011
-9.81976,1.0011
-9.74723,1.0011
-9.68516,1.00159
-9.63318,1.00159
-9.58648,1.0018
-9.50676,1.00159
-9.45587,1.00209
-9.39543,1.00209
-9.32113,1.00234
-9.26276,1.00234
-9.22204,1.00259
-9.14835,1.00259
-9.09508,1.00259
-9.03699,1.00289
-8.96449,1.00309
-8.90782,1.00334
-8.85604,1.00334
-8.77692,1.00334
-8.72733,1.00359
-8.66798,1.00379
-8.61369,1.00404
-8.53728,1.00404
-8.48572,1.00454
-8.42808,1.00459
-8.37426,1.00459
-8.31749,1.00479
-8.26598,1.00484
-8.17783,1.00504
-8.1323,1.00529
-8.07827,1.00554
-8.0025,1.00554
-7.95019,1.0058
-7.90174,1.00604
-7.84543,1.00604
-7.77071,1.0063
-7.71387,1.00655
-7.66335,1.00655
-7.59282,1.00705
-7.54466,1.00705
-7.48934,1.0073
-7.41021,1.00755
-7.35974,1.00801
-7.30815,1.00826
-7.22659,1.00852
-7.18236,1.00877
-7.12723,1.00902
-7.0729,1.00927
-6.99211,1.00952
-6.94508,1.01003
-6.89094,1.01003
-6.81123,1.01028
-6.75101,1.01079
-6.70209,1.0113
-6.62247,1.01176
-6.57575,1.01181
-6.51905,1.01226
-6.44046,1.01277
-6.38764,1.01328
-6.34004,1.01354
-6.28679,1.01379
-6.20399,1.01451
-6.15142,1.01502
-6.10233,1.01527
-6.0214,1.01553
-5.97516,1.0163
-5.93345,1.01676
-5.85261,1.01706
-5.7981,1.01778
-5.75782,1.01804
-5.66866,1.01881
-5.61784,1.01933
-5.56366,1.0201
-5.52673,1.02056
-5.43707,1.0216
-5.40017,1.02217
-5.34672,1.02263
-5.27032,1.02367
-5.21417,1.0244
-5.16567,1.02497
-5.10059,1.02596
-5.04641,1.02674
-5.00072,1.02753
-4.92288,1.02857
-4.86564,1.02957
-4.82029,1.03036
-4.76329,1.03162
-4.68657,1.03268
-4.63121,1.03347
-4.58458,1.03427
-4.50316,1.0358
-4.45416,1.03686
-4.40339,1.03739
-4.32933,1.03873
-4.28576,1.04001
-4.24023,1.04081
-4.16069,1.04242
-4.11319,1.04398
-4.05882,1.04587
-4.00921,1.0475
-3.93189,1.05065
-3.88302,1.05284
-3.84072,1.05519
-3.75578,1.05885
-3.70671,1.06156
-3.66467,1.06429
-3.5842,1.06866
-3.53746,1.07149
-3.47079,1.07569
-3.40397,1.07993
-3.35088,1.0834
-3.29772,1.08726
-3.25021,1.09047
-3.18042,1.09511
-3.12687,1.0989
-3.0939,1.10181
-3.02222,1.10715
-2.97282,1.11102
-2.91428,1.11552
-2.84422,1.12068
-2.79603,1.12463
-2.74856,1.12861
-2.68983,1.13326
-2.64398,1.13666
-2.59414,1.14017
-2.53306,1.14481
-2.47983,1.14805
-2.43303,1.15088
-2.38349,1.1534
-2.32281,1.15602
-2.27163,1.15758
-2.22585,1.1589
-2.15377,1.15923
-2.11052,1.1589
-2.06262,1.1579
-2.01315,1.15602
-1.96594,1.15373
-1.91997,1.15023
-1.8447,1.14338
-1.80031,1.13825
-1.75077,1.13168
-1.70383,1.12463
-1.63935,1.11315
-1.59383,1.10482
-1.53902,1.09364
-1.46902,1.07856
-1.41898,1.06569
-1.3702,1.05311
-1.28882,1.03241
-1.2492,1.02139
-1.19473,1.0068
-1.11234,0.98467
-1.05913,0.97132
-1.00432,0.95712
-0.94869,0.9429
-0.87054,0.9246
-0.81739,0.91271
-0.75265,0.89845
-0.66007,0.88076
-0.61143,0.87139
-0.54195,0.86017
-0.45635,0.84778
-0.39349,0.84011
-0.3231,0.83379
-0.22094,0.82567
-0.16327,0.82243
-0.096,0.81989
-0.04032,0.81888
0.0577,0.81888
0.12057,0.82056
0.18738,0.82328
0.28205,0.82945
0.34491,0.83449
0.40162,0.84117
0.4906,0.85247
0.54988,0.86091
0.61298,0.8712
0.68719,0.88502
0.75188,0.89765
0.80576,0.90797
0.86583,0.92289
0.95243,0.94201
1.00197,0.95598
1.06166,0.97108
1.13623,0.99235
1.19461,1.00559
1.24605,1.01989
1.31797,1.039
1.36548,1.05153
1.41661,1.06457
1.49847,1.0842
1.52946,1.09135
1.57871,1.10189
1.62503,1.11102
1.70167,1.12401
1.74287,1.13113
1.7936,1.1377
1.868,1.14578
1.91123,1.14967
1.95543,1.15317
2.03037,1.15701
2.07383,1.15834
2.11804,1.15932
2.19149,1.15956
2.23878,1.15866
2.27238,1.15834
2.32245,1.15669
2.38549,1.15383
2.43176,1.15121
2.47522,1.1487
2.55267,1.14393
2.5908,1.14113
2.6353,1.13793
2.70836,1.13271
2.75292,1.12925
2.80026,1.12557
2.87593,1.11984
2.91892,1.11622
2.96823,1.11262
3.00641,1.10958
3.08787,1.10339
3.13291,1.1004
3.18308,1.09638
3.26266,1.09084
3.31337,1.0874
3.35933,1.08427
3.42484,1.08
3.47184,1.07719
3.52275,1.07433
3.5937,1.06985
3.6493,1.06682
3.69505,1.06407
3.75925,1.06023
3.82015,1.05746
3.86741,1.05504
3.91461,1.05318
3.99209,1.04968
4.03817,1.04832
4.09089,1.04669
4.16046,1.04458
4.21866,1.04329
4.26561,1.04221
4.34002,1.04087
4.39727,1.0398
4.44448,1.03879
4.51901,1.03745
4.55892,1.03671
4.60326,1.03591
4.65438,1.03512
4.73106,1.03352
4.79215,1.03273
4.84353,1.03173
4.92201,1.03041
4.97175,1.02942
5.02435,1.02889
5.09338,1.02779
5.14481,1.02732
5.1957,1.02653
5.27284,1.02554
5.32035,1.02502
5.36997,1.0245
5.4168,1.02398
5.49345,1.02326
5.54573,1.02243
5.5985,1.02165
5.67543,1.02113
5.73107,1.02062
5.77611,1.02041
5.8542,1.01938
5.90196,1.01912
5.96112,1.01871
6.03424,1.01793
6.0887,1.01763
6.1451,1.01712
6.20499,1.01665
6.27748,1.01588
6.33389,1.01563
6.37963,1.01563
6.45924,1.01486
6.50894,1.0146
6.56551,1.0144
6.63685,1.01363
6.69244,1.01359
6.74526,1.01333
6.8254,1.01287
6.87374,1.01262
6.92924,1.01236
6.97781,1.01211
7.04741,1.01185
7.09676,1.0116
7.15195,1.01135
7.229,1.01084
7.28638,1.01084
7.33498,1.01058
7.41459,1.01008
7.45984,1.01008
7.51659,1.00982
7.59396,1.00957
7.64936,1.00932
7.69807,1.00891
7.75773,1.00882
7.83197,1.00836
7.86845,1.00836
7.92215,1.00836
7.99942,1.00811
8.04892,1.00811
8.10366,1.00811
8.18379,1.00785
8.23269,1.00785
8.27743,1.00811
8.36049,1.00785
8.41227,1.00735
8.46866,1.00735
8.52183,1.00735
8.59854,1.00689
8.65035,1.00685
8.69486,1.00685
8.7674,1.0066
8.82252,1.00634
8.87066,1.00634
8.95815,1.00589
9.00807,1.00584
9.06179,1.00589
9.1418,1.00584
9.19181,1.00564
9.24218,1.00564
9.29893,1.00539
9.37339,1.00534
9.42583,1.00514
9.47578,1.00514
9.57598,1.00488
9.62134,1.00488
9.6769,1.00488
9.75966,1.00464
9.81055,1.00464
9.85959,1.00464
9.93973,1.00438
9.98931,1.00464
10.04073,1.00438
10.11552,1.00414
10.1767,1.00414
10.22782,1.00414
10.27442,1.00414
10.34619,1.00414
10.40257,1.00414
10.44902,1.00414
10.53208,1.00343
10.58197,1.00363
10.63181,1.00363
10.71115,1.00339
10.76897,1.00339
10.81958,1.00339
10.90293,1.00313
10.95194,1.00339
11.0071,1.00313
11.05662,1.00313
11.13218,1.00313
11.16818,1.00313
11.22073,1.00313
11.29438,1.00289
11.35593,1.00289
11.40521,1.00289
11.48074,1.00268
11.53684,1.00313
11.58625,1.00268
11.66409,1.00264
11.71465,1.00289
11.76635,1.00268
11.81886,1.00268
11.89478,1.00289
11.95473,1.00268
11.99399,1.00268
12.07983,1.00243
12.12691,1.00243
12.17741,1.00268
12.25677,1.00218
12.31164,1.00268
12.36355,1.00243
12.43843,1.00243
12.48169,1.00268
12.53955,1.00293
12.59327,1.00293
12.67357,1.00293
12.72668,1.00313
12.7816,1.00289
12.86246,1.00293
12.91493,1.00313
12.96652,1.00313
13.0457,1.00293
13.09651,1.00293
13.15728,1.00268
13.23202,1.00264
13.28743,1.00264
13.33811,1.00264
13.39061,1.00268
13.47116,1.00218
13.52668,1.00223
13.57264,1.00243
13.65256,1.00218
13.69556,1.00218
13.75658,1.00218
13.83127,1.00173
13.88692,1.00218
13.93951,1.00218
14.02368,1.00194
14.07062,1.00218
14.12789,1.00238
14.17247,1.00198
14.25357,1.00218
14.30016,1.00223
14.35899,1.00218
14.43568,1.00218
14.49442,1.00198
14.53066,1.00218
14.61035,1.00218
14.65909,1.00218
14.71391,1.00198
14.79057,1.00198
14.84148,1.00243
14.89227,1.00218
14.95226,1.00173
15.02131,1.00243
15.06993,1.00268
15.12493,1.00268
15.20365,1.00268
15.25884,1.00268
15.3125,1.00268
15.37333,1.00293
15.42904,1.00268
15.47223,1.00293
15.5644,1.00268
15.61732,1.00243
15.66367,1.00268
15.7186,1.00293
15.79249,1.00313
15.8378,1.00293
15.89706,1.00293
15.97299,1.00293
16.02645,1.00293
16.07838,1.00298
16.1938,1.00268
16.23859,1.00293
16.28726,1.00273
16.37708,1.00268
16.42996,1.00289
16.48122,1.00293
16.56527,1.00313
16.60841,1.00318
16.66294,1.00318
16.71282,1.00318
16.7969,1.00293
16.85111,1.00293
16.90842,1.00293
16.99208,1.00268
17.03495,1.00248
17.07757,1.00293
17.15876,1.00248
17.21351,1.00268
17.26364,1.00293
17.33988,1.00268
17.39877,1.00248
17.44233,1.00268
17.50068,1.00268
17.58168,1.00268
17.6293,1.00268
17.6787,1.00293
17.75756,1.00293
17.81259,1.00318
17.8458,1.00343
17.92661,1.00318
17.98554,1.00318
18.03099,1.00343
18.11478,1.00323
