-18.696,0.99774
-18.63109,0.99754
-18.52772,0.99735
-18.46653,0.99735
-18.39454,0.99735
-18.33638,0.99716
-18.2337,0.99714
-18.1735,0.99714
-18.10528,0.99714
-18.00159,0.99696
-17.93364,0.99696
-17.87152,0.99714
-17.7705,0.99675
-17.71507,0.99696
-17.64844,0.99696
-17.5471,0.99696
-17.47269,0.99675
-17.40166,0.99675
-17.33078,0.99676
-17.23096,0.99657
-17.16406,0.99656
-17.0981,0.99675
-16.98739,0.99675
-16.92296,0.99696
-16.85076,0.99696
-16.74416,0.99774
-16.67864,0.99774
-16.61438,0.99754
-16.50453,0.99774
-16.43732,0.99774
-16.36461,0.99774
-16.30243,0.99774
-16.1961,0.99755
-16.15526,0.99754
-16.08531,0.99735
-15.9816,0.99754
-15.91249,0.99754
-15.85149,0.99735
-15.75082,0.99754
-15.67898,0.99735
-15.61823,0.99734
-15.52215,0.99754
-15.44908,0.99754
-15.38686,0.99754
-15.31321,0.99734
-15.21514,0.99734
-15.13953,0.99734
-15.09746,0.99754
-14.9899,0.99735
-14.93184,0.99695
-14.86401,0.99695
-14.77002,0.99695
-14.69766,0.99675
-14.63774,0.99696
-14.53539,0.99696
-14.46769,0.99656
-14.40048,0.99675
-14.33906,0.99656
-14.23634,0.99656
-14.17607,0.99656
-14.10895,0.99656
-14.01613,0.99656
-13.94716,0.99656
-13.88933,0.99656
-13.78222,0.99637
-13.71559,0.99637
-13.64144,0.99676
-13.54597,0.99656
-13.48204,0.99656
-13.41196,0.99656
-13.33999,0.99675
-13.2465,0.99676
-13.1742,0.99675
-13.11589,0.99656
-13.01498,0.99637
-12.90968,0.99637
-12.83794,0.99637
-12.74113,0.99637
-12.67066,0.99656
-12.59961,0.99656
-12.51099,0.99675
-12.43264,0.99656
-12.36823,0.99696
-12.31255,0.99675
-12.20565,0.99676
-12.13852,0.99675
-12.06722,0.99675
-11.97144,0.99696
-11.89671,0.99656
-11.84377,0.99675
-11.75144,0.99675
-11.68339,0.99656
-11.60857,0.99656
-11.51739,0.99656
-11.44647,0.99656
-11.38081,0.99675
-11.27818,0.99675
-11.21844,0.99675
-11.14185,0.99695
-11.07569,0.99714
-10.98389,0.99695
-10.91673,0.99695
-10.83997,0.99695
-10.77226,0.99714
-10.6966,0.99735
-10.63346,0.99735
-10.52904,0.99735
-10.46484,0.99734
-10.3906,0.99754
-10.29671,0.99754
-10.22832,0.99774
-10.17073,0.99774
-10.09648,0.99813
-10.00215,0.99813
-9.92813,0.99852
-9.86299,0.99832
-9.76988,0.99852
-9.70741,0.99852
-9.63688,0.99852
-9.53614,0.99852
-9.47109,0.99871
-9.40319,0.99871
-9.29908,0.9991
-9.24886,0.9991
-9.17634,0.9991
-9.10822,0.9991
-9.00385,0.9991
-8.94088,0.9993
-8.86482,0.99949
-8.7673,0.99969
-8.68802,0.99988
-8.62625,1.00008
-8.52144,1.00008
-8.46623,1.00048
-8.38915,1.00068
-8.28996,1.00068
-8.22052,1.00087
-8.16257,1.00087
-8.09301,1.00107
-7.99012,1.00127
-7.92398,1.00166
-7.86272,1.00166
-7.75784,1.00225
-7.69963,1.00225
-7.6419,1.00244
-7.53947,1.00244
-7.47007,1.00283
-7.40482,1.00324
-7.30091,1.00342
-7.23672,1.00383
-7.1695,1.00383
-7.11007,1.00423
-7.00209,1.00462
-6.94572,1.00462
-6.87386,1.00501
-6.77338,1.00541
-6.70272,1.006
-6.64035,1.0062
-6.55462,1.00661
-6.48961,1.007
-6.42485,1.0074
-6.32866,1.00781
-6.25577,1.0084
-6.19933,1.0086
-6.12848,1.0092
-6.03129,1.00959
-5.95916,1.01019
-5.89767,1.01059
-5.79595,1.0116
-5.73296,1.0122
-5.66631,1.0128
-5.5669,1.0136
-5.51382,1.0142
-5.45474,1.01481
-5.35079,1.01562
-5.27768,1.01683
-5.20782,1.01765
-5.14222,1.01867
-5.0412,1.02008
-4.97883,1.0209
-4.92317,1.02192
-4.81993,1.02376
-4.76151,1.02479
-4.69447,1.02581
-4.60193,1.02788
-4.53985,1.02933
-4.45309,1.03119
-4.36579,1.03369
-4.29255,1.03578
-4.22086,1.03788
-4.16042,1.03956
-4.06287,1.04274
-3.99462,1.04529
-3.94499,1.04743
-3.84235,1.05129
-3.78023,1.0541
-3.70958,1.05713
-3.62016,1.06194
-3.55237,1.06524
-3.48954,1.06879
-3.41667,1.0728
-3.35224,1.07684
-3.28431,1.08136
-3.19713,1.08752
-3.13515,1.09235
-3.07532,1.097
-3.00841,1.10192
-2.91903,1.10925
-2.85629,1.11427
-2.79524,1.11981
-2.71088,1.12688
-2.64862,1.1318
-2.58614,1.13701
-2.52064,1.14177
-2.45847,1.14655
-2.40097,1.14961
-2.30742,1.15471
-2.24421,1.15675
-2.18065,1.15779
-2.12549,1.15779
-2.0433,1.15574
-1.9867,1.15292
-1.93038,1.14859
-1.84601,1.14
-1.78552,1.13131
-1.72046,1.12103
-1.62371,1.10262
-1.58146,1.09283
-1.51651,1.07729
-1.40994,1.04978
-1.35144,1.03098
-1.29243,1.01179
-1.22028,0.98919
-1.12616,0.96018
-1.0478,0.93859
-0.98358,0.9157
-0.86622,0.8834
-0.79536,0.86514
-0.70578,0.84426
-0.59461,0.8199
-0.50956,0.80527
-0.4284,0.79147
-0.29391,0.77702
-0.21807,0.76974
-0.13683,0.76494
-0.0545,0.7624
0.08011,0.76287
0.15929,0.76651
0.24753,0.77216
0.37304,0.78539
0.46776,0.79755
0.54042,0.80989
0.6589,0.83388
0.72446,0.84962
0.81091,0.86892
0.90995,0.89494
0.98325,0.91638
1.052,0.93477
1.12633,0.96
1.22131,0.99054
1.29761,1.0132
1.36519,1.03411
1.4557,1.06063
1.51812,1.07526
1.58082,1.09236
1.67098,1.11164
1.73071,1.12321
1.79099,1.1328
1.89273,1.14504
1.921,1.14833
1.98688,1.15344
2.05031,1.15678
2.13779,1.15857
2.19262,1.15857
2.25573,1.15729
2.34096,1.15395
2.38695,1.15166
2.4416,1.14859
2.54556,1.14126
2.59986,1.13702
2.65952,1.1323
2.74963,1.12492
2.81135,1.11958
2.85255,1.11572
2.92391,1.11068
3.00888,1.10357
3.06374,1.09934
3.12186,1.09468
3.22209,1.08752
3.28353,1.08341
3.34822,1.07932
3.44067,1.07347
3.50032,1.06967
3.56411,1.06613
3.66148,1.06129
3.72343,1.05822
3.79016,1.0554
3.84545,1.0528
3.95503,1.04871
4.01119,1.04679
4.07663,1.04422
4.17636,1.04104
4.24226,1.03936
4.30017,1.03767
4.39559,1.03536
4.45106,1.03368
4.52304,1.03202
4.61919,1.02994
4.69276,1.0287
4.75103,1.02746
4.83359,1.02581
4.90365,1.02458
4.97298,1.02355
5.03332,1.02273
5.13676,1.02089
5.20124,1.02007
5.26573,1.01926
5.35415,1.01845
5.43028,1.01764
5.49183,1.01682
5.58235,1.01601
5.65301,1.01541
5.71918,1.01481
5.81556,1.014
5.86249,1.0138
5.92534,1.01299
5.99071,1.01259
6.08564,1.01179
6.16462,1.01119
6.22766,1.01098
6.33895,1.01018
6.39864,1.00998
6.46387,1.00938
6.55923,1.00898
6.63046,1.00858
6.69308,1.00838
6.79159,1.00799
6.85494,1.00759
6.91696,1.00759
6.97366,1.00739
7.07444,1.00699
7.14241,1.0068
7.21199,1.0066
7.30622,1.0062
7.38073,1.00599
7.438,1.0058
7.5379,1.0056
7.59719,1.0054
7.67394,1.0054
7.77222,1.005
7.84487,1.0048
7.90846,1.0048
7.98553,1.00461
8.08115,1.00441
8.15503,1.00422
8.21465,1.00401
8.31535,1.00381
8.37752,1.00381
8.45395,1.00402
8.54595,1.00361
8.61825,1.00362
8.68483,1.00342
8.78405,1.00342
8.84388,1.00342
8.91736,1.00322
8.9794,1.00323
9.0704,1.00302
9.1287,1.00283
9.20188,1.00283
9.30256,1.00263
9.37309,1.00263
9.43975,1.00263
9.5373,1.00283
9.59712,1.00263
9.67084,1.00243
9.76285,1.00243
9.82801,1.00243
9.89358,1.00224
9.96772,1.00243
10.06352,1.00224
10.10986,1.00224
10.17806,1.00243
10.27619,1.00243
10.33996,1.00224
10.41635,1.00224
10.51234,1.00224
10.57587,1.00224
10.63838,1.00224
10.74553,1.00224
10.80532,1.00224
10.88125,1.00224
10.9491,1.00224
11.0432,1.00204
11.11121,1.00224
11.16777,1.00224
11.26355,1.00224
11.33049,1.00203
11.39101,1.00224
11.50257,1.00224
11.56255,1.00224
11.62792,1.00224
11.7301,1.00224
11.79811,1.00224
11.86031,1.00224
11.93733,1.00203
12.03139,1.00204
12.09523,1.00224
12.16005,1.00224
12.27978,1.00224
12.34863,1.00203
12.41642,1.00204
12.5225,1.00204
12.58658,1.00224
12.65089,1.00224
12.75168,1.00204
12.81256,1.00243
12.87899,1.00243
12.9697,1.00243
13.05049,1.00243
13.11011,1.00243
13.17225,1.00263
13.26658,1.00243
13.33099,1.00243
13.39574,1.00263
13.50035,1.00263
13.56123,1.00263
13.63343,1.00263
13.7299,1.00223
13.80539,1.00223
13.86117,1.00263
13.96353,1.00283
14.03272,1.00283
14.09871,1.00283
14.15756,1.00262
14.26394,1.00262
14.30603,1.00283
14.37613,1.00262
14.47646,1.00223
14.55689,1.00203
14.62378,1.00224
14.72712,1.00204
14.79514,1.00183
14.86102,1.00224
14.94914,1.00224
15.01881,1.00223
15.08755,1.00223
15.15555,1.00243
15.253,1.00243
15.32881,1.00243
15.3768,1.00223
15.48673,1.00223
15.55203,1.00243
15.62163,1.00203
15.71875,1.00165
15.79284,1.00224
15.85644,1.00203
15.95108,1.00224
16.0123,1.00203
16.08699,1.00223
16.15194,1.00242
16.25258,1.00223
16.31462,1.00262
16.38424,1.00302
16.49054,1.00283
16.56317,1.00302
16.62267,1.00322
16.71974,1.00322
16.78405,1.00301
16.85866,1.00282
16.9581,1.00302
17.02831,1.00262
17.09538,1.00302
17.1583,1.00301
17.25371,1.00302
17.3255,1.00342
17.38513,1.00342
17.47811,1.00381
17.52421,1.00401
17.60099,1.00401
17.69861,1.00401
17.76623,1.00381
17.84337,1.00381
17.94071,1.00381
18.00227,1.00381
18.0782,1.00381
18.13109,1.00401
18.23441,1.00401
18.29795,1.00381
18.37336,1.00401
18.47531,1.00361
18.54907,1.00342
18.58499,1.00401
18.68045,1.0042
18.74067,1.0042
18.81666,1.0042
18.91103,1.0042
18.97641,1.0044
19.03389,1.004
19.09859,1.0048
19.18872,1.0048
19.25335,1.00499
