-20.76741,0.9966
-20.63649,0.99685
-20.54085,0.99629
-20.46911,0.99618
-20.31428,0.99657
-20.22225,0.99643
-20.13795,0.99632
-20.03833,0.99657
-19.91006,0.9959
-19.81949,0.9959
-19.73132,0.99577
-19.61457,0.99577
-19.52043,0.99535
-19.4368,0.99538
-19.29646,0.99535
-19.19812,0.99549
-19.10226,0.99563
-18.96366,0.99577
-18.87809,0.99577
-18.78404,0.99577
-18.6825,0.99615
-18.54675,0.99604
-18.43974,0.99643
-18.36293,0.99629
-18.21917,0.99604
-18.07531,0.99629
-17.96971,0.99604
-17.83971,0.99604
-17.74825,0.99604
-17.6554,0.99601
-17.52891,0.99577
-17.42032,0.9959
-17.32014,0.99601
-17.25746,0.99549
-17.10957,0.9959
-17.00887,0.99577
-16.8995,0.99604
-16.76877,0.9959
-16.66674,0.99604
-16.60392,0.9959
-16.46682,0.99573
-16.36566,0.9959
-16.26867,0.99601
-16.14455,0.99604
-16.039,0.99604
-15.94176,0.99615
-15.80039,0.99629
-15.71789,0.99615
-15.62816,0.99615
-15.52043,0.99618
-15.3864,0.99657
-15.29404,0.99618
-15.19328,0.99629
-15.09458,0.99646
-14.99265,0.99643
-14.90813,0.99643
-14.74679,0.99657
-14.66909,0.99657
-14.5588,0.99657
-14.42698,0.99657
-14.33514,0.99657
-14.25561,0.99629
-14.14952,0.99643
-14.02101,0.99657
-13.9153,0.99657
-13.81893,0.99671
-13.69399,0.99671
-13.60334,0.99671
-13.51178,0.99685
-13.35983,0.99685
-13.27365,0.99685
-13.17934,0.99674
-13.03584,0.99699
-12.95837,0.99696
-12.85878,0.99685
-12.7655,0.99713
-12.61507,0.99727
-12.53124,0.99713
-12.42854,0.99727
-12.2934,0.99738
-12.18279,0.99751
-12.09145,0.99783
-11.94517,0.99808
-11.86022,0.99836
-11.76306,0.99849
-11.62367,0.99864
-11.52785,0.99836
-11.44807,0.99874
-11.34192,0.99874
-11.20447,0.99878
-11.10824,0.99888
-11.0212,0.99888
-10.88202,0.99892
-10.79865,0.99906
-10.71933,0.99913
-10.57694,0.99944
-10.47701,0.99944
-10.39046,0.99969
-10.24189,0.99958
-10.15793,0.99969
-10.06706,0.99997
-9.98505,0.99997
-9.82812,1.00036
-9.74773,1.00036
-9.64526,1.00064
-9.51438,1.00064
-9.42729,1.00092
-9.33348,1.00092
-9.21105,1.00106
-9.12239,1.00134
-9.04105,1.00134
-8.88898,1.00174
-8.79111,1.00188
-8.72237,1.00202
-8.61325,1.00241
-8.4863,1.00258
-8.38731,1.00283
-8.29758,1.00297
-8.15287,1.0034
-8.06061,1.00354
-7.96885,1.00393
-7.83543,1.00446
-7.74246,1.0046
-7.66221,1.00489
-7.51549,1.00545
-7.42543,1.00584
-7.32537,1.00627
-7.24231,1.00641
-7.09349,1.00723
-7.00645,1.00763
-6.92728,1.00795
-6.78748,1.00863
-6.68856,1.00927
-6.60472,1.0097
-6.46168,1.01052
-6.36365,1.01109
-6.24848,1.01192
-6.12125,1.01289
-6.02197,1.01376
-5.93056,1.01459
-5.8434,1.01542
-5.70639,1.01683
-5.60877,1.01767
-5.53745,1.01836
-5.38684,1.02018
-5.29544,1.0212
-5.19797,1.02288
-5.06738,1.02483
-4.96541,1.0263
-4.87514,1.028
-4.76859,1.03015
-4.67898,1.03201
-4.58203,1.03406
-4.44757,1.03725
-4.34976,1.04015
-4.26343,1.04275
-4.16899,1.04588
-4.05096,1.05001
-3.95037,1.05406
-3.86249,1.05778
-3.7367,1.06401
-3.6426,1.0687
-3.55141,1.07424
-3.46157,1.07955
-3.38741,1.08568
-3.2945,1.09149
-3.14605,1.10293
-3.06335,1.10948
-2.99329,1.11638
-2.89988,1.12407
-2.78585,1.13399
-2.70256,1.1416
-2.61593,1.14857
-2.49845,1.15703
-2.40953,1.16212
-2.32418,1.16536
-2.19815,1.16605
-2.14088,1.1648
-2.05057,1.15963
-1.93235,1.14717
-1.84591,1.1325
-1.76261,1.11742
-1.66657,1.09505
-1.55077,1.06036
-1.4622,1.02974
-1.36844,0.99783
-1.21237,0.94515
-1.11571,0.91179
-1.00498,0.87367
-0.85972,0.82627
-0.73135,0.79849
-0.61005,0.77031
-0.4287,0.73732
-0.32041,0.72515
-0.19085,0.71491
-0.06947,0.70929
0.11346,0.71011
0.22418,0.71642
0.35684,0.72873
0.5343,0.75454
0.65131,0.77741
0.75815,0.8029
0.91223,0.8477
1.02478,0.87925
1.14491,0.91479
1.26224,0.95882
1.3695,0.99555
1.44137,1.02321
1.54184,1.05798
1.67578,1.09472
1.77253,1.11603
1.84968,1.13328
1.97439,1.15138
2.04999,1.15914
2.14047,1.16449
2.25729,1.1663
2.34076,1.16499
2.41538,1.16237
2.54898,1.1542
2.59963,1.15022
2.69128,1.1428
2.77678,1.13578
2.89727,1.12548
2.98302,1.11771
3.06712,1.11033
3.20838,1.09926
3.27999,1.0936
3.35857,1.08793
3.48995,1.07911
3.58119,1.07321
3.67476,1.06843
3.79822,1.06189
3.88794,1.05783
3.95678,1.05484
4.05649,1.05089
4.17576,1.0468
4.26394,1.04371
4.34882,1.04121
4.50265,1.03698
4.58481,1.03526
4.68345,1.03324
4.80603,1.03089
4.89386,1.02908
4.98295,1.02759
5.12876,1.02535
5.2123,1.02406
5.30146,1.02292
5.39049,1.02179
5.53704,1.01981
5.62504,1.01923
5.71014,1.01814
5.84977,1.01687
5.95067,1.01589
6.03904,1.01521
6.18131,1.01434
6.26292,1.01354
6.34905,1.01296
6.49287,1.01224
6.59018,1.01156
6.68117,1.01127
6.79827,1.01059
6.89497,1.01006
6.99208,1.00966
7.08103,1.00923
7.22052,1.00852
7.30599,1.00827
7.40017,1.00812
7.5284,1.00755
7.6295,1.00755
7.71619,1.00713
7.85042,1.00674
7.95367,1.00645
8.04582,1.00631
8.18359,1.00591
8.2481,1.00581
8.33716,1.00563
8.42636,1.00538
8.55788,1.00549
8.66649,1.00524
8.75083,1.00524
8.89654,1.00496
8.9929,1.00467
9.08446,1.0047
9.21925,1.00442
9.31708,1.00442
9.39598,1.00428
9.54009,1.00414
9.62603,1.004
9.70633,1.00375
9.79597,1.00375
9.93419,1.00361
10.02672,1.00343
10.125,1.00361
10.25705,1.00343
10.35065,1.00332
10.43073,1.00332
10.57077,1.00332
10.66078,1.00318
10.76222,1.00322
10.8962,1.00318
10.9932,1.00318
11.08328,1.00318
11.19421,1.00304
11.32233,1.00304
11.42267,1.00332
11.50763,1.00307
11.64901,1.00318
11.73668,1.00318
11.8413,1.00304
11.97285,1.0029
12.06062,1.00294
12.15383,1.00304
12.29513,1.00318
12.38449,1.00304
12.48705,1.00294
12.5729,1.00279
12.69669,1.00279
12.77907,1.00251
12.88855,1.00251
13.0229,1.00265
13.11608,1.00304
13.20811,1.00294
13.35145,1.00279
13.43321,1.00265
13.52915,1.00251
13.66967,1.00251
13.75785,1.00279
13.84219,1.00279
13.94507,1.00265
14.08312,1.00294
14.15352,1.00279
14.24469,1.00279
14.39043,1.00279
14.47583,1.0029
14.57694,1.00318
14.71443,1.00265
14.79815,1.00304
14.87951,1.00294
15.03714,1.0029
15.11642,1.00304
15.21898,1.00307
15.30897,1.00318
15.44683,1.00318
15.53823,1.00332
15.61212,1.00361
15.74313,1.00375
15.83714,1.00403
15.92802,1.00417
16.07867,1.00417
16.16361,1.00389
16.25225,1.00364
16.385,1.00389
16.49336,1.00403
16.57772,1.00361
16.67404,1.00417
16.80895,1.00417
16.90182,1.00431
16.97851,1.00431
17.16404,1.00403
17.2481,1.00389
17.34753,1.00375
17.49974,1.00346
17.59135,1.00322
17.67545,1.00403
17.8185,1.00403
17.9076,1.0035
17.99442,1.00361
18.12997,1.00364
18.24346,1.0035
18.32482,1.00375
18.40652,1.00375
18.53487,1.00389
18.63152,1.00389
18.72463,1.00403
18.86867,1.00375
18.94384,1.00403
19.05459,1.00389
19.18125,1.00375
19.27959,1.00364
19.36285,1.00322
19.51552,1.00307
19.61119,1.00322
19.7145,1.00283
19.79625,1.00226
19.94393,1.00269
19.99101,1.00294
20.08205,1.00294
20.2192,1.00297
20.3241,1.00361
20.40209,1.00375
20.54639,1.00279
20.63673,1.00336
20.723,1.00322
20.86709,1.00336
20.95063,1.00375
21.03302,1.00375
21.11418,1.00417
21.26105,1.00375
21.35894,1.0035
21.43984,1.00307
21.59716,1.00294
