-14.70824,0.99905
-14.61635,0.99845
-14.56541,0.99806
-14.50684,0.99766
-14.40101,0.99786
-14.33142,0.99826
-14.25149,0.99865
-14.20993,0.99766
-14.10273,0.99786
-14.03919,0.99786
-13.96545,0.99845
-13.87492,0.99865
-13.79746,0.99885
-13.74042,0.99885
-13.63716,0.99885
-13.57405,0.99865
-13.50705,0.99865
-13.40938,0.99865
-13.34206,0.99865
-13.27985,0.99865
-13.20771,0.99885
-13.11582,0.99865
-13.04891,0.99865
-12.98846,0.99865
-12.87959,0.99885
-12.77805,0.99945
-12.70227,0.99965
-12.61127,0.99965
-12.53947,0.99965
-12.47711,0.99965
-12.38587,0.99945
-12.31659,0.99965
-12.24747,0.99965
-12.1898,0.99944
-12.08599,0.99965
-12.01962,0.99965
-11.9486,0.99965
-11.85166,0.99964
-11.7846,0.99985
-11.72727,0.99984
-11.64105,0.99984
-11.5725,0.99964
-11.50014,0.99964
-11.4089,0.99985
-11.33682,0.99984
-11.27302,1.00004
-11.17354,1.00004
-11.11218,1.00024
-11.04193,1.00004
-10.97526,0.99984
-10.88034,1.00004
-10.81761,1.00024
-10.74119,1.00004
-10.67272,1.00024
-10.6006,1.00064
-10.53701,1.00064
-10.42818,1.00084
-10.36151,1.00104
-10.28788,1.00123
-10.19175,1.00143
-10.12579,1.00143
-10.06701,1.00143
-9.99653,1.00143
-9.90456,1.00143
-9.83263,1.00143
-9.76607,1.00163
-9.68727,1.00183
-9.61449,1.00183
-9.54605,1.00183
-9.44371,1.00203
-9.37882,1.00243
-9.31356,1.00223
-9.21391,1.00243
-9.16031,1.00263
-9.08954,1.00263
-9.02328,1.00283
-8.91975,1.00283
-8.85389,1.00303
-8.78594,1.00323
-8.68465,1.00383
-8.60657,1.00403
-8.55547,1.00423
-8.44369,1.00443
-8.38502,1.00484
-8.31155,1.00484
-8.21553,1.00483
-8.1594,1.00504
-8.09882,1.00524
-8.02955,1.00524
-7.9312,1.00564
-7.85314,1.00584
-7.79023,1.00604
-7.69836,1.00624
-7.6337,1.00644
-7.58891,1.00664
-7.48919,1.00684
-7.40938,1.00705
-7.35725,1.00724
-7.25455,1.00785
-7.17989,1.00806
-7.11279,1.00826
-7.06787,1.00846
-6.96319,1.00886
-6.90492,1.00927
-6.83328,1.00967
-6.73671,1.00987
-6.66855,1.01028
-6.59882,1.01068
-6.50967,1.01129
-6.45772,1.0117
-6.39651,1.0121
-6.2984,1.01251
-6.23037,1.01312
-6.17295,1.01332
-6.106,1.01414
-6.00511,1.01495
-5.93746,1.01536
-5.87854,1.01597
-5.77681,1.01679
-5.715,1.01741
-5.64774,1.01823
-5.55015,1.01906
-5.49557,1.01967
-5.4396,1.0203
-5.33623,1.02153
-5.26537,1.02257
-5.19407,1.0234
-5.13532,1.02423
-5.03258,1.02568
-4.97233,1.02673
-4.91712,1.02756
-4.81591,1.02924
-4.74465,1.03029
-4.69109,1.03176
-4.58606,1.03387
-4.52132,1.03514
-4.43832,1.03748
-4.34778,1.03918
-4.28005,1.04089
-4.22272,1.04261
-4.15812,1.04476
-4.06322,1.04757
-3.99651,1.04996
-3.94372,1.0517
-3.84963,1.05499
-3.78762,1.05762
-3.72265,1.06094
-3.63408,1.06517
-3.55559,1.06876
-3.49816,1.07214
-3.42532,1.07622
-3.36241,1.08011
-3.30291,1.08381
-3.21356,1.09007
-3.13964,1.09498
-3.08198,1.09924
-3.01785,1.10423
-2.94448,1.11023
-2.87377,1.11533
-2.81265,1.12023
-2.72078,1.12763
-2.66716,1.13212
-2.59622,1.13665
-2.53521,1.14145
-2.47434,1.14527
-2.41614,1.14835
-2.33492,1.15173
-2.27792,1.15274
-2.21817,1.15326
-2.16105,1.15274
-2.08207,1.14991
-2.0208,1.14631
-1.94707,1.13994
-1.87323,1.13038
-1.80757,1.12023
-1.7476,1.1088
-1.65084,1.08728
-1.61295,1.0776
-1.54098,1.05961
-1.44377,1.03008
-1.37228,1.00806
-1.31894,0.99
-1.24295,0.96484
-1.14755,0.9359
-1.08083,0.9115
-0.99687,0.88635
-0.88704,0.8536
-0.8097,0.8328
-0.71844,0.81228
-0.6027,0.78795
-0.5206,0.77206
-0.43373,0.75784
-0.28972,0.74175
-0.2258,0.73557
-0.12888,0.7304
-0.03732,0.72771
0.09665,0.72884
0.16553,0.7323
0.26223,0.73843
0.38009,0.75131
0.47333,0.764
0.55228,0.77632
0.66797,0.80098
0.74999,0.8173
0.83401,0.8398
0.92248,0.86517
1.00404,0.88893
1.07069,0.90883
1.14755,0.93607
1.25748,0.96877
1.32528,0.99293
1.39427,1.01414
1.48666,1.04239
1.55199,1.05895
1.60786,1.07783
1.69955,1.09924
1.75911,1.11193
1.82016,1.12269
1.91156,1.13564
1.95743,1.14071
2.0185,1.14631
2.0745,1.14967
2.16501,1.153
2.21594,1.15303
2.2789,1.153
2.36434,1.15043
2.41715,1.14809
2.47462,1.14504
2.56847,1.13917
2.61963,1.1354
2.68142,1.13113
2.77535,1.12318
2.83423,1.11852
2.87974,1.1151
2.94331,1.11025
3.02266,1.10377
3.08379,1.09924
3.14293,1.09475
3.24676,1.08751
3.29828,1.08427
3.36026,1.08035
3.44851,1.07487
3.51236,1.07147
3.5806,1.06764
3.6729,1.06295
3.72652,1.06028
3.79204,1.05762
3.85248,1.0552
3.95597,1.05127
4.01578,1.04888
4.08016,1.04671
4.18017,1.04368
4.24202,1.04175
4.29673,1.04004
4.40233,1.03747
4.46262,1.0362
4.52653,1.03472
4.61725,1.0326
4.69093,1.03134
4.74871,1.03007
4.83221,1.02861
4.89961,1.02735
4.97089,1.02651
5.02916,1.02547
5.13113,1.02402
5.1903,1.02319
5.25262,1.02257
5.3423,1.02132
5.41736,1.02049
5.46948,1.01987
5.56892,1.01885
5.64419,1.01802
5.70912,1.01761
5.80228,1.01679
5.85226,1.01618
5.91504,1.01577
5.98032,1.01516
6.07229,1.01414
6.15096,1.01332
6.21197,1.01291
6.31403,1.0121
6.37491,1.0119
6.44004,1.01169
6.53139,1.01088
6.60443,1.01047
6.66946,1.00986
6.76748,1.00966
6.82809,1.00926
6.89018,1.00886
6.94776,1.00865
7.04737,1.00845
7.11349,1.00805
7.18488,1.00764
7.27768,1.00744
7.34696,1.00704
7.40689,1.00683
7.50504,1.00643
7.56305,1.00623
7.6434,1.00582
7.73876,1.00563
7.80658,1.00563
7.86841,1.00542
7.94847,1.00522
8.0419,1.00502
8.11082,1.00482
8.17533,1.00463
8.27155,1.00442
8.33931,1.00402
8.41324,1.00402
8.5027,1.00382
8.57737,1.00382
8.63839,1.00382
8.74038,1.00322
8.80002,1.00342
8.86794,1.00322
8.93191,1.00342
9.01217,1.00322
9.07586,1.00322
9.14759,1.00302
9.24539,1.00302
9.31619,1.00282
9.38172,1.00282
9.47963,1.00282
9.53495,1.00282
9.60399,1.00282
9.69956,1.00282
9.76687,1.00282
9.82591,1.00282
9.90311,1.00262
9.99564,1.00262
10.04016,1.00262
10.10665,1.00262
10.20785,1.00242
10.27336,1.00222
10.34273,1.00222
10.43968,1.00202
10.50377,1.00222
10.56379,1.00202
10.67262,1.00162
10.73391,1.00182
10.80255,1.00182
10.86644,1.00182
10.96762,1.00162
11.02942,1.00162
11.08707,1.00162
11.17964,1.00162
11.24728,1.00182
11.30775,1.00182
11.41711,1.00182
11.47695,1.00182
11.53963,1.00182
11.64252,1.00143
11.70898,1.00162
11.77207,1.00162
11.84054,1.00162
11.93768,1.00142
11.9987,1.00142
12.06014,1.00162
12.18187,1.00162
12.24434,1.00142
12.3165,1.00122
12.41792,1.00062
12.49222,1.00062
12.55156,1.00043
12.6503,1.00043
12.71394,1.00043
12.78154,1.00023
12.87299,1.00043
12.95202,1.00023
13.01595,1.00023
13.07219,1.00023
13.16991,1.00023
13.23275,1.00023
13.29485,1.00003
13.40815,0.99983
13.46431,1.00003
13.53207,1.00023
13.62641,0.99982
13.69506,1.00003
13.75518,1.00023
13.85665,1.00043
13.92561,1.00062
13.988,1.00043
14.05188,1.00062
14.15473,1.00062
14.20257,1.00062
14.2665,1.00043
14.36185,1.00043
14.43186,1.00062
14.49585,1.00062
14.59869,1.00062
14.66533,1.00102
14.7379,1.00062
14.83079,1.00043
14.91651,1.00023
14.9667,1.00023
15.03701,1.00023
15.13332,1.00023
15.20332,1.00043
15.25451,1.00043
15.36279,1.00043
