-14.64648,0.99646
-14.55708,0.99627
-14.49007,0.99607
-14.44462,0.99607
-14.33431,0.99686
-14.25753,0.99706
-14.19161,0.99746
-14.12484,0.99785
-14.0031,0.99766
-13.94337,0.99785
-13.87322,0.99805
-13.793,0.99745
-13.72044,0.99805
-13.66198,0.99825
-13.54851,0.99845
-13.48705,0.99825
-13.41234,0.99845
-13.321,0.99905
-13.2494,0.99944
-13.17874,0.99905
-13.1178,0.99925
-13.03146,0.99905
-12.95326,0.99885
-12.89526,0.99885
-12.79262,0.99885
-12.69527,0.99885
-12.62998,0.99885
-12.53909,0.99885
-12.45557,0.99905
-12.38905,0.99924
-12.29958,0.99905
-12.22735,0.99905
-12.16211,0.99924
-12.1101,0.99944
-11.99327,0.99964
-11.93964,0.99964
-11.86309,0.99984
-11.77169,0.99985
-11.70167,1.00004
-11.64021,1.00004
-11.55649,1.00005
-11.49118,0.99964
-11.41285,0.99944
-11.33074,0.99944
-11.26507,0.99944
-11.20183,0.99944
-11.09291,0.99924
-11.04178,0.99944
-10.96041,0.99964
-10.89953,0.99984
-10.79371,1.00005
-10.73826,1.00004
-10.65735,1.00024
-10.59887,1.00004
-10.5208,1.00025
-10.45537,1.00044
-10.35175,1.00025
-10.29328,1.00024
-10.21992,1.00044
-10.12785,1.00024
-10.06574,1.00064
-9.99914,1.00064
-9.92782,1.00104
-9.84616,1.00104
-9.76617,1.00125
-9.70233,1.00104
-9.61616,1.00104
-9.55136,1.00124
-9.48972,1.00144
-9.39384,1.00124
-9.32491,1.00164
-9.26378,1.00184
-9.15067,1.00225
-9.09629,1.00264
-9.03436,1.00285
-8.96232,1.00304
-8.87012,1.00304
-8.80633,1.00304
-8.73705,1.00304
-8.64213,1.00304
-8.5657,1.00345
-8.50219,1.00364
-8.39694,1.00364
-8.34048,1.00404
-8.2693,1.00425
-8.16303,1.00445
-8.104,1.00465
-8.04953,1.00485
-7.97539,1.00505
-7.88093,1.00505
-7.81064,1.00546
-7.75454,1.00545
-7.65027,1.00606
-7.59724,1.00606
-7.53984,1.00626
-7.4377,1.00646
-7.37205,1.00686
-7.31134,1.00686
-7.20685,1.00707
-7.14053,1.00726
-7.08024,1.00788
-7.02215,1.00787
-6.92097,1.00828
-6.86544,1.00828
-6.79714,1.00889
-6.69844,1.0095
-6.6318,1.0097
-6.5649,1.01031
-6.48234,1.01071
-6.41875,1.01153
-6.35817,1.01153
-6.25635,1.01255
-6.18985,1.01295
-6.13859,1.01357
-6.06187,1.01439
-5.96478,1.01541
-5.89428,1.01624
-5.83647,1.01665
-5.73609,1.01727
-5.66399,1.01809
-5.59889,1.01892
-5.50417,1.02016
-5.44989,1.02057
-5.39355,1.02119
-5.29504,1.02223
-5.23063,1.02368
-5.1608,1.02431
-5.10056,1.02514
-4.99838,1.02661
-4.94147,1.02765
-4.88557,1.02828
-4.78479,1.03018
-4.71396,1.03165
-4.66489,1.03271
-4.55963,1.03462
-4.49602,1.03632
-4.4218,1.03824
-4.32506,1.0406
-4.25566,1.04275
-4.19201,1.04448
-4.12898,1.04686
-4.03387,1.04991
-3.97045,1.05209
-3.92104,1.05429
-3.8266,1.05826
-3.76363,1.06159
-3.69023,1.06472
-3.60115,1.069
-3.53758,1.07284
-3.47837,1.07626
-3.40558,1.08039
-3.34228,1.08432
-3.27458,1.08897
-3.18567,1.09507
-3.12393,1.09982
-3.06429,1.10459
-3.00161,1.10942
-2.9163,1.11598
-2.85716,1.12113
-2.79735,1.12634
-2.70888,1.13386
-2.64493,1.13765
-2.59395,1.14272
-2.53614,1.14634
-2.47367,1.15018
-2.4155,1.15306
-2.32498,1.15668
-2.26906,1.158
-2.20196,1.15853
-2.14467,1.15774
-2.07114,1.1551
-2.01692,1.1507
-1.95235,1.14504
-1.85745,1.13335
-1.80156,1.12312
-1.74048,1.11208
-1.64537,1.09037
-1.59966,1.08016
-1.53543,1.06048
-1.44228,1.03081
-1.37113,1.00848
-1.31335,0.98898
-1.24074,0.96455
-1.14703,0.93535
-1.07777,0.91092
-0.99217,0.88636
-0.88038,0.85113
-0.80652,0.82969
-0.72556,0.80911
-0.60729,0.78413
-0.51999,0.76758
-0.42332,0.75273
-0.29781,0.73694
-0.21443,0.73023
-0.1171,0.72453
-0.03461,0.72223
0.09777,0.72367
0.18089,0.72742
0.26586,0.73394
0.39276,0.74789
0.48647,0.76147
0.56026,0.77427
0.68525,0.80053
0.76217,0.8185
0.84126,0.83999
0.93026,0.8671
1.01259,0.89037
1.07974,0.91125
1.16068,0.93747
1.26203,0.97149
1.33457,0.99507
1.39793,1.01871
1.48989,1.04838
1.55071,1.06472
1.61477,1.08247
1.7026,1.10387
1.76864,1.11746
1.81872,1.12709
1.92103,1.14169
1.95672,1.14582
2.0208,1.15175
2.07428,1.15589
2.16201,1.15853
2.22135,1.15959
2.27267,1.15932
2.36016,1.15671
2.41305,1.1541
2.46693,1.15123
2.56489,1.1453
2.6185,1.14121
2.67869,1.1364
2.76911,1.1291
2.82829,1.12411
2.87331,1.1209
2.93224,1.11551
3.0182,1.10846
3.07333,1.10461
3.1261,1.10006
3.22855,1.09249
3.28962,1.08828
3.35336,1.08432
3.43832,1.07879
3.50148,1.07534
3.56141,1.07217
3.65546,1.06674
3.72372,1.06383
3.78523,1.06093
3.83618,1.05849
3.93699,1.05407
3.99714,1.05166
4.06038,1.04925
4.16599,1.04578
4.22469,1.04405
4.28582,1.0421
4.38274,1.03952
4.4435,1.03803
4.50637,1.03653
4.60224,1.03398
4.67636,1.0325
4.73308,1.03123
4.81754,1.02975
4.88191,1.02849
4.94856,1.02723
5.00654,1.02639
5.108,1.02472
5.16759,1.0241
5.23167,1.02326
5.32503,1.02202
5.3957,1.02098
5.45464,1.02036
5.54936,1.01912
5.63173,1.01829
5.68774,1.01767
5.78006,1.01685
5.8311,1.01644
5.889,1.01602
5.954,1.01541
6.05067,1.0148
6.12106,1.01397
6.1859,1.01357
6.28311,1.01295
6.34789,1.01234
6.4125,1.01193
6.50676,1.01112
6.57711,1.01051
6.63911,1.0103
6.73545,1.0099
6.79595,1.0097
6.85694,1.00949
6.91825,1.00929
7.01636,1.00888
7.08541,1.00848
7.15425,1.00787
7.24442,1.00767
7.318,1.00726
7.37727,1.00706
7.47695,1.00666
7.537,1.00646
7.60945,1.00646
7.70496,1.00606
7.7737,1.00585
7.83771,1.00565
7.91027,1.00545
8.00612,1.00504
8.07968,1.00484
8.13591,1.00484
8.23574,1.00424
8.29483,1.00424
8.37078,1.00403
8.45942,1.00404
8.52745,1.00383
8.5939,1.00363
8.69569,1.00344
8.75824,1.00303
8.8272,1.00323
8.88498,1.00303
8.96957,1.00323
9.03012,1.00303
9.10632,1.00283
9.20383,1.00283
9.26811,1.00303
9.3305,1.00283
9.43583,1.00223
9.49757,1.00223
9.56535,1.00203
9.65953,1.00203
9.72713,1.00203
9.79173,1.00183
9.86898,1.00183
9.96364,1.00163
10.00718,1.00163
10.0743,1.00123
10.17682,1.00123
10.23672,1.00143
10.30573,1.00143
10.39774,1.00142
10.46626,1.00143
10.52022,1.00103
10.631,1.00123
10.68514,1.00123
10.7634,1.00123
10.82752,1.00103
10.92658,1.00103
10.98967,1.00083
11.04642,1.00043
11.14212,1.00023
11.2087,1.00023
11.2746,1.00003
11.38307,1.00003
11.43817,1.00023
11.50052,1.00103
11.59889,1.00103
11.66601,1.00083
11.72297,1.00103
11.79302,1.00123
11.88738,1.00103
11.95256,1.00103
12.01553,1.00103
12.13533,1.00063
12.19596,1.00103
12.26567,1.00043
12.3752,1.00023
12.44613,1.00003
12.50246,1.00023
12.61036,1.00003
12.67331,0.99963
12.73851,1.00003
12.82575,1.00003
12.89789,1.00023
12.96275,0.99983
13.03402,0.99963
13.12139,0.99963
13.18781,1.00003
13.2469,1.00003
13.35289,0.99963
13.42013,0.99943
13.48869,0.99903
13.58127,0.99884
13.66185,0.99863
13.71689,0.99843
13.82831,0.99804
13.89347,0.99824
13.95891,0.99824
14.01865,0.99843
14.1201,0.99843
14.16608,0.99863
14.22547,0.99883
14.32534,0.99884
14.3975,0.99883
14.46467,0.99863
14.56215,0.99843
14.63524,0.99804
14.69923,0.99784
14.79832,0.99784
14.86805,0.99784
14.93073,0.99784
14.9857,0.99843
15.07983,0.99843
15.15512,0.99843
15.18963,0.99943
15.29459,0.99924
