-19.03994,0.99492
-18.91084,0.99507
-18.81295,0.99507
-18.76449,0.99477
-18.61425,0.99507
-18.53605,0.99492
-18.43224,0.99528
-18.37033,0.99507
-18.2216,0.99522
-18.11902,0.99589
-18.04924,0.99559
-17.92713,0.99538
-17.86092,0.99477
-17.78114,0.99538
-17.63381,0.99538
-17.53951,0.99568
-17.43573,0.99666
-17.30933,0.99681
-17.2093,0.99696
-17.13163,0.99696
-17.04805,0.99681
-16.91323,0.99696
-16.83337,0.99666
-16.74543,0.99696
-16.61507,0.99666
-16.49836,0.99635
-16.40566,0.99635
-16.27701,0.9965
-16.18176,0.99696
-16.10316,0.99635
-15.99761,0.99635
-15.89611,0.99584
-15.81294,0.9962
-15.74394,0.99635
-15.61298,0.9962
-15.52693,0.99589
-15.44015,0.99589
-15.31723,0.99559
-15.21228,0.99538
-15.148,0.99553
-15.03787,0.99559
-14.94655,0.99522
-14.8607,0.99553
-14.73072,0.99568
-14.64697,0.99666
-14.5625,0.9965
-14.43428,0.9965
-14.35029,0.99666
-14.25937,0.99681
-14.16947,0.99696
-14.05482,0.99666
-13.96869,0.99666
-13.87637,0.99681
-13.781,0.99727
-13.6928,0.99712
-13.60462,0.99727
-13.46845,0.99742
-13.39021,0.99727
-13.2972,0.99727
-13.17911,0.99727
-13.09208,0.99727
-13.00936,0.99727
-12.9231,0.99712
-12.80197,0.99712
-12.71312,0.99727
-12.62743,0.99727
-12.50156,0.99712
-12.4273,0.99712
-12.34027,0.99727
-12.21506,0.99727
-12.13532,0.99727
-12.04927,0.99742
-11.91209,0.99773
-11.84488,0.99788
-11.75449,0.99809
-11.6617,0.99804
-11.53501,0.99804
-11.45044,0.99819
-11.35927,0.99819
-11.22636,0.99871
-11.13075,0.99871
-11.04937,0.99886
-10.91869,0.99886
-10.84604,0.99917
-10.74739,0.99932
-10.62799,0.99932
-10.5315,0.99947
-10.46002,0.99947
-10.36696,0.99963
-10.23959,0.99978
-10.15061,0.99994
-10.06929,1.00009
-9.94404,0.99994
-9.87042,1.00009
-9.78903,1.0004
-9.66081,1.00061
-9.57628,1.00055
-9.49061,1.00107
-9.3576,1.00086
-9.28224,1.00086
-9.19136,1.00122
-9.1152,1.00122
-8.9868,1.00122
-8.91774,1.00138
-8.82392,1.00153
-8.69488,1.00169
-8.60664,1.00184
-8.52746,1.00184
-8.41707,1.002
-8.32998,1.00231
-8.25135,1.00246
-8.1267,1.00262
-8.03802,1.00292
-7.96551,1.00308
-7.87347,1.00339
-7.75291,1.00354
-7.66134,1.00391
-7.58728,1.00407
-7.44961,1.00474
-7.36616,1.00505
-7.28247,1.00536
-7.15934,1.00599
-7.08569,1.0063
-7.01147,1.00682
-6.884,1.0076
-6.79972,1.00776
-6.7083,1.00838
-6.62952,1.00885
-6.49633,1.00979
-6.41261,1.01032
-6.33868,1.01095
-6.20091,1.01173
-6.11323,1.01221
-6.04269,1.01258
-5.90849,1.01368
-5.82267,1.01431
-5.71646,1.01564
-5.59678,1.01696
-5.50832,1.01775
-5.41929,1.01871
-5.34384,1.01972
-5.21398,1.02122
-5.12751,1.02234
-5.06497,1.02331
-4.93767,1.02545
-4.85467,1.02696
-4.75728,1.02864
-4.63633,1.03113
-4.55173,1.03331
-4.46746,1.03512
-4.37299,1.0377
-4.28979,1.0399
-4.20823,1.04245
-4.08563,1.04635
-3.99667,1.04981
-3.92369,1.0524
-3.83636,1.05603
-3.7328,1.06098
-3.63304,1.06588
-3.55281,1.07034
-3.44953,1.07701
-3.36727,1.08169
-3.28291,1.08776
-3.20286,1.09421
-3.1104,1.10115
-3.03021,1.10719
-2.92134,1.11679
-2.83796,1.1238
-2.75754,1.13144
-2.68638,1.13802
-2.58317,1.14607
-2.50516,1.15157
-2.42845,1.1567
-2.3182,1.16123
-2.23728,1.16311
-2.16055,1.16249
-2.04797,1.15691
-2.00062,1.15237
-1.91635,1.14285
-1.79913,1.12342
-1.72911,1.10491
-1.64542,1.0874
-1.55155,1.06042
-1.44004,1.02497
-1.35678,0.99446
-1.26546,0.96251
-1.12598,0.91205
-1.0417,0.88128
-0.93347,0.84934
-0.77149,0.80567
-0.68385,0.77998
-0.56113,0.7571
-0.38963,0.72829
-0.29589,0.71736
-0.16949,0.70759
-0.06985,0.70306
0.11067,0.70441
0.22537,0.71031
0.32692,0.72023
0.49808,0.74419
0.61617,0.765
0.70133,0.78608
0.8738,0.827
0.95361,0.85455
1.06625,0.89005
1.18076,0.92853
1.27363,0.96315
1.35811,0.99035
1.45129,1.02465
1.56837,1.06466
1.65861,1.08925
1.73254,1.10873
1.84134,1.13163
1.91676,1.14404
1.99262,1.15298
2.11181,1.16102
2.18196,1.16311
2.25225,1.16352
2.37933,1.1598
2.42414,1.15748
2.49732,1.15318
2.57804,1.14767
2.69499,1.13822
2.75893,1.13241
2.84018,1.12534
2.95204,1.11542
3.0265,1.10967
3.10124,1.10342
3.22769,1.09348
3.30156,1.08812
3.38151,1.0824
3.49559,1.07519
3.58549,1.06999
3.64361,1.06675
3.73263,1.06254
3.84056,1.05757
3.91879,1.05393
3.99787,1.05134
4.1293,1.04618
4.20498,1.04362
4.28815,1.04123
4.41191,1.03786
4.49826,1.03561
4.57727,1.03375
4.71394,1.03075
4.78996,1.02945
4.87204,1.02777
4.94773,1.02659
5.08241,1.02443
5.15912,1.02347
5.24777,1.02234
5.3787,1.02068
5.45684,1.02036
5.53271,1.01951
5.65897,1.01807
5.73719,1.01738
5.81923,1.01675
5.94435,1.01558
6.03489,1.01479
6.11312,1.01415
6.22322,1.01331
6.32616,1.01252
6.412,1.01221
6.48687,1.01173
6.62097,1.01073
6.69295,1.01026
6.77639,1.00995
6.89275,1.00932
6.98733,1.00864
7.06831,1.00833
7.18465,1.0077
7.28657,1.00739
7.36891,1.00708
7.48919,1.00676
7.5571,1.00624
7.63327,1.00593
7.72157,1.00562
7.84018,1.0051
7.9425,1.00478
8.01832,1.00463
8.14898,1.00432
8.23013,1.00416
8.31316,1.00401
8.43646,1.0037
8.52778,1.00354
8.6029,1.00323
8.72852,1.00271
8.80732,1.00277
8.8915,1.00256
8.97465,1.00225
9.09899,1.0021
9.18796,1.0021
9.27418,1.0021
9.39641,1.00194
9.48436,1.00194
9.56102,1.00179
9.68741,1.00163
9.76572,1.00148
9.8693,1.00163
9.98337,1.00148
10.07291,1.00163
10.1515,1.00194
10.26125,1.00179
10.37588,1.00163
10.46331,1.00163
10.55128,1.00148
10.67886,1.00163
10.7626,1.00132
10.85357,1.00132
10.97078,1.00111
11.05002,1.00148
11.14738,1.00101
11.27238,1.00117
11.35505,1.00101
11.44597,1.00101
11.52633,1.00096
11.63956,1.00096
11.71594,1.0008
11.80954,1.0008
11.93225,1.00096
12.0212,1.00117
12.11201,1.00096
12.23832,1.00117
12.30754,1.00132
12.40142,1.0008
12.52009,1.00117
12.60194,1.00117
12.68499,1.00111
12.78419,1.00111
12.90615,1.00126
12.96559,1.00132
13.06195,1.00148
13.1868,1.00132
13.26578,1.00142
13.35687,1.00179
13.47292,1.00179
13.56161,1.00179
13.63672,1.00163
13.77385,1.00148
13.8539,1.00179
13.94718,1.00163
14.03674,1.00111
14.16292,1.00194
14.23,1.0024
14.30703,1.0021
14.42691,1.0021
14.51107,1.0021
14.58758,1.00225
14.73072,1.00225
14.8115,1.0024
14.888,1.0024
15.02496,1.0024
15.10438,1.00256
15.1893,1.0024
15.28156,1.0024
15.4039,1.0024
15.49156,1.00225
15.5706,1.00225
15.72641,1.00225
15.80899,1.0024
15.89006,1.0024
16.02455,1.00256
16.10414,1.00256
16.18726,1.00157
16.30927,1.00225
16.37955,1.00225
16.47066,1.00225
16.5913,1.00256
16.68397,1.00271
16.76043,1.00271
16.83725,1.00318
16.955,1.00349
17.04807,1.00349
17.11703,1.00395
17.24605,1.00401
17.32168,1.00463
17.40868,1.00457
17.5191,1.00494
17.6132,1.00494
17.69572,1.00494
17.82801,1.00494
17.91057,1.00494
17.99748,1.0051
18.0769,1.00572
18.20962,1.00541
18.25739,1.00572
18.35353,1.00556
18.47472,1.00489
18.57595,1.00556
18.64789,1.00572
18.76311,1.0065
18.85008,1.00687
18.91696,1.00749
19.03938,1.00749
19.11404,1.00733
19.1973,1.0078
19.28176,1.00796
19.40411,1.00796
19.48747,1.00833
19.57224,1.00796
19.70371,1.00796
