-16.06028,0.99849
-15.93994,0.99849
-15.86239,0.99849
-15.77862,0.99849
-15.66401,0.99849
-15.58672,0.99849
-15.50959,0.99849
-15.43125,0.99866
-15.31933,0.99849
-15.23197,0.99849
-15.16933,0.99849
-15.04379,0.99849
-14.93,0.99849
-14.84708,0.99832
-14.73693,0.99832
-14.65412,0.99832
-14.57613,0.99832
-14.46787,0.99832
-14.3857,0.99832
-14.30338,0.99849
-14.23849,0.99832
-14.11936,0.99832
-14.04109,0.99832
-13.9602,0.99815
-13.8476,0.99832
-13.76218,0.99832
-13.70156,0.99832
-13.59392,0.99832
-13.51126,0.99832
-13.43059,0.99832
-13.31791,0.99832
-13.23853,0.99832
-13.15851,0.99832
-13.04526,0.99832
-12.97327,0.99832
-12.89352,0.99832
-12.81322,0.99832
-12.69827,0.99832
-12.62253,0.99832
-12.53905,0.99832
-12.45962,0.99832
-12.37545,0.99832
-12.29717,0.99832
-12.17401,0.99832
-12.09995,0.99832
-12.02034,0.99832
-11.91169,0.99849
-11.83231,0.99832
-11.76137,0.99849
-11.6775,0.99849
-11.56816,0.99849
-11.48822,0.99849
-11.41087,0.99849
-11.30647,0.99849
-11.23465,0.99849
-11.15259,0.99866
-11.03447,0.99866
-10.96147,0.99866
-10.88555,0.99866
-10.76476,0.99866
-10.69982,0.99866
-10.61621,0.99882
-10.53929,0.99899
-10.41467,0.99882
-10.34545,0.99882
-10.25875,0.99899
-10.14655,0.99899
-10.05796,0.99899
-9.98593,0.99899
-9.86186,0.99917
-9.79628,0.99917
-9.71008,0.99933
-9.59608,0.99917
-9.51436,0.99933
-9.44934,0.99933
-9.36093,0.99933
-9.2439,0.9995
-9.16567,0.9995
-9.09606,0.99967
-8.97792,0.99984
-8.9085,0.99984
-8.8433,0.99984
-8.72582,1.00005
-8.64072,1.00022
-8.5704,1.00039
-8.44882,1.00039
-8.37356,1.00039
-8.29386,1.00035
-8.22582,1.00073
-8.09809,1.00073
-8.03446,1.0009
-7.95134,1.0009
-7.83756,1.00107
-7.75331,1.00107
-7.67907,1.00123
-7.58179,1.00144
-7.50567,1.00158
-7.43342,1.00178
-7.31754,1.00178
-7.23277,1.00195
-7.16967,1.00212
-7.08499,1.00212
-6.97838,1.00229
-6.8933,1.00263
-6.82008,1.00263
-6.70052,1.00297
-6.62446,1.00297
-6.54929,1.00314
-6.43569,1.00348
-6.3666,1.00365
-6.30281,1.00382
-6.18479,1.00416
-6.10188,1.00434
-6.01975,1.00472
-5.94971,1.00502
-5.82761,1.0054
-5.7559,1.00574
-5.68971,1.00591
-5.56626,1.00626
-5.47831,1.00698
-5.40983,1.00732
-5.28939,1.00784
-5.2108,1.00818
-5.11279,1.00887
-5.00557,1.00977
-4.92158,1.01046
-4.84535,1.0108
-4.77277,1.0115
-4.65582,1.0124
-4.57457,1.01326
-4.51453,1.01382
-4.39538,1.01504
-4.31923,1.01609
-4.2379,1.01717
-4.12106,1.01857
-4.04425,1.02001
-3.97413,1.02124
-3.88042,1.02287
-3.80822,1.0245
-3.71668,1.0261
-3.61258,1.02862
-3.52907,1.03081
-3.45339,1.03318
-3.37803,1.03556
-3.27908,1.03886
-3.19729,1.04182
-3.11273,1.04519
-3.00883,1.04947
-2.94159,1.0527
-2.8637,1.05629
-2.7901,1.05991
-2.69895,1.06414
-2.62615,1.06781
-2.5165,1.07329
-2.44535,1.07643
-2.36999,1.07956
-2.30228,1.08233
-2.20457,1.08532
-2.13153,1.08694
-2.0557,1.08776
-1.95497,1.08714
-1.8748,1.08552
-1.80424,1.08296
-1.69969,1.07702
-1.63537,1.07269
-1.55361,1.06567
-1.44462,1.05457
-1.36366,1.0446
-1.30074,1.03683
-1.21678,1.02556
-1.11943,1.0124
-1.04615,1.00225
-0.95778,0.98979
-0.82923,0.97349
-0.76112,0.96487
-0.67412,0.95561
-0.55349,0.94308
-0.47989,0.93682
-0.3935,0.93025
-0.25929,0.92308
-0.18498,0.92038
-0.09609,0.91802
-0.0117,0.91745
0.11768,0.91865
0.1959,0.92072
0.27527,0.92381
0.40415,0.93133
0.48603,0.93727
0.55974,0.94449
0.69088,0.95623
0.76316,0.96519
0.85344,0.97612
0.93847,0.98777
1.02669,0.99917
1.09479,1.0087
1.17807,1.02072
1.28662,1.03516
1.3704,1.04552
1.44776,1.05494
1.55699,1.06605
1.62229,1.07188
1.69384,1.07737
1.80566,1.08354
1.88208,1.08612
1.94325,1.08793
2.06531,1.08835
2.11187,1.08793
2.19076,1.08674
2.25832,1.08473
2.36516,1.08096
2.42502,1.07838
2.50485,1.07485
2.6087,1.06957
2.68754,1.06567
2.75797,1.06221
2.86493,1.05704
2.93878,1.05363
3.01271,1.05062
3.12582,1.04552
3.20439,1.04255
3.24935,1.04108
3.33526,1.03813
3.44178,1.03462
3.52263,1.03264
3.59027,1.03081
3.71181,1.02773
3.786,1.0261
3.86179,1.02446
3.96512,1.02248
4.04032,1.02142
4.1113,1.02015
4.23114,1.01857
4.31365,1.01748
4.3881,1.01661
4.4656,1.01591
4.58434,1.01469
4.65584,1.01396
4.73399,1.01326
4.85771,1.01219
4.93371,1.01167
5.00176,1.01094
5.12297,1.01025
5.19539,1.0099
5.27025,1.00956
5.38162,1.00866
5.468,1.00849
5.53695,1.00814
5.63759,1.0078
5.71683,1.00745
5.79888,1.00711
5.86662,1.00694
5.98729,1.00642
6.05339,1.00642
6.12949,1.00587
6.24357,1.00553
6.33324,1.00553
6.40097,1.00536
6.51496,1.00502
6.60267,1.00485
6.67992,1.00468
6.78686,1.00451
6.84845,1.00434
6.92087,1.00416
6.99802,1.00416
7.10774,1.00361
7.19544,1.00382
7.26644,1.00361
7.39003,1.00348
7.45488,1.00328
7.53612,1.00307
7.64847,1.00293
7.72797,1.00272
7.8021,1.00272
7.91518,1.00276
7.98599,1.00276
8.05662,1.00238
8.13341,1.00238
8.24556,1.00238
8.32906,1.00242
8.41175,1.00222
8.51663,1.00242
8.60257,1.00222
8.6657,1.00204
8.78273,1.00187
8.85539,1.00187
8.94927,1.00187
9.0584,1.00171
9.1379,1.00195
9.22083,1.00171
9.2995,1.0015
9.41535,1.00153
9.49433,1.00153
9.56827,1.00153
9.68697,1.00153
9.75883,1.00153
9.84568,1.00153
9.95221,1.00137
10.03893,1.00137
10.11014,1.00137
10.23038,1.00137
10.30435,1.00137
10.38681,1.0012
10.45904,1.00137
10.55771,1.00137
10.62831,1.0012
10.71623,1.0012
10.8253,1.00137
10.90815,1.00137
10.98758,1.0012
11.10406,1.0012
11.17033,1.0012
11.2562,1.0012
11.36271,1.00102
11.44006,1.00102
11.51441,1.0012
11.59763,1.00123
11.71633,1.0012
11.76663,1.0012
11.84983,1.0012
11.96967,1.0012
12.03721,1.00116
12.12374,1.0012
12.23873,1.0012
12.31336,1.00137
12.38149,1.00137
12.50731,1.0012
12.57235,1.00137
12.65995,1.00137
12.73763,1.00137
12.86124,1.00137
12.92577,1.00137
12.99179,1.00137
13.10506,1.00137
13.17897,1.00137
13.25479,1.00137
13.38573,1.00137
13.44959,1.00153
13.52858,1.00153
13.64637,1.00137
13.72895,1.00133
13.79692,1.00153
13.88394,1.00137
13.99255,1.0015
14.07204,1.00153
14.13977,1.00171
14.28282,1.00171
14.35597,1.00171
14.43693,1.00171
14.55636,1.00187
14.63126,1.00187
14.69694,1.00187
14.81433,1.00187
14.88677,1.00187
14.97149,1.00187
15.08183,1.00187
15.16607,1.00204
15.23954,1.00201
15.31993,1.00204
15.42407,1.00201
15.50497,1.00201
15.57617,1.00201
15.70043,1.00222
15.76994,1.00222
15.84419,1.00222
15.95764,1.00222
16.0406,1.00238
