-12.39089,0.99484
-12.33407,0.99484
-12.30102,0.99484
-12.25802,0.99501
-12.19289,0.99536
-12.16417,0.99554
-12.11693,0.99607
-12.06061,0.99607
-12.0198,0.99607
-11.98792,0.99589
-11.93298,0.99589
-11.899,0.99589
-11.86525,0.99519
-11.8315,0.99554
-11.7608,0.99554
-11.7241,0.99516
-11.68693,0.99554
-11.63421,0.99554
-11.59583,0.99572
-11.55443,0.99607
-11.49574,0.99609
-11.46533,0.99607
-11.42603,0.99607
-11.37588,0.99607
-11.33368,0.99624
-11.29561,0.99624
-11.25058,0.99658
-11.19508,0.99677
-11.16463,0.99712
-11.12627,0.99712
-11.07305,0.9973
-11.03627,0.99732
-10.99565,0.9973
-10.94244,0.9973
-10.9023,0.99712
-10.86883,0.99712
-10.81935,0.99677
-10.77572,0.99712
-10.73805,0.99712
-10.6818,0.99712
-10.64808,0.99712
-10.61033,0.9973
-10.5842,0.9973
-10.53218,0.99712
-10.49588,0.9973
-10.45881,0.9973
-10.39855,0.99732
-10.35979,0.9973
-10.32267,0.99748
-10.26844,0.99748
-10.23191,0.99766
-10.1968,0.99801
-10.13292,0.9984
-10.10246,0.99801
-10.06595,0.99801
-10.0302,0.99801
-9.97945,0.99801
-9.94525,0.99801
-9.90693,0.99818
-9.84876,0.99818
-9.80955,0.99818
-9.77676,0.99836
-9.71996,0.99836
-9.68729,0.99836
-9.64827,0.99836
-9.59515,0.99818
-9.55625,0.99801
-9.52306,0.99818
-9.48111,0.99836
-9.41634,0.99836
-9.38638,0.99854
-9.34831,0.99836
-9.28908,0.99874
-9.25767,0.99854
-9.2149,0.99889
-9.16479,0.99854
-9.12674,0.99854
-9.0963,0.99836
-9.03653,0.99836
-9.00049,0.99872
-8.96166,0.99874
-8.92763,0.99909
-8.86937,0.99892
-8.84555,0.99907
-8.80628,0.99889
-8.75213,0.99907
-8.71045,0.99925
-8.67381,0.99927
-8.61912,0.99927
-8.58114,0.99925
-8.54547,0.99925
-8.49233,0.9998
-8.45158,0.99997
-8.42054,0.99978
-8.37761,1.00015
-8.32463,1.00035
-8.28606,1.00017
-8.26176,1.00033
-8.20358,1.00013
-8.16694,1.00033
-8.1297,1.00033
-8.0761,1.00031
-8.03699,1.00051
-8.00626,1.00051
-7.94872,1.00071
-7.91404,1.00071
-7.87094,1.00069
-7.83983,1.00089
-7.78271,1.00089
-7.74565,1.00086
-7.71049,1.00066
-7.66215,1.00089
-7.62283,1.00106
-7.59301,1.00102
-7.53774,1.00104
-7.49642,1.00122
-7.45624,1.0016
-7.40435,1.00158
-7.36255,1.00195
-7.32641,1.00193
-7.29068,1.00213
-7.23737,1.00213
-7.20018,1.00211
-7.16848,1.00231
-7.10859,1.00231
-7.05073,1.00267
-7.01436,1.00267
-6.9606,1.00267
-6.92397,1.00264
-6.88542,1.00284
-6.83772,1.00302
-6.79671,1.00302
-6.76055,1.0032
-6.72748,1.00322
-6.67074,1.00338
-6.63577,1.00338
-6.59509,1.00356
-6.54085,1.00391
-6.50121,1.00391
-6.47222,1.00391
-6.42113,1.00427
-6.38478,1.00445
-6.34499,1.00463
-6.29168,1.00483
-6.25268,1.00499
-6.21632,1.00517
-6.16084,1.00535
-6.12709,1.00552
-6.08872,1.00571
-6.05151,1.00591
-5.99779,1.00607
-5.96158,1.00625
-5.92082,1.0066
-5.88136,1.00678
-5.84203,1.00678
-5.80717,1.00715
-5.74389,1.00735
-5.70933,1.00752
-5.671,1.00789
-5.6177,1.00807
-5.58218,1.00822
-5.54794,1.0086
-5.50624,1.00879
-5.45473,1.00897
-5.41671,1.00951
-5.38068,1.00967
-5.33231,1.01005
-5.29583,1.01041
-5.2581,1.01059
-5.19984,1.01096
-5.16757,1.01132
-5.13081,1.0115
-5.07378,1.01187
-5.04559,1.01205
-5.00645,1.01279
-4.96913,1.01316
-4.91226,1.01332
-4.87547,1.01368
-4.83703,1.01425
-4.78419,1.01461
-4.74097,1.01516
-4.70807,1.01553
-4.64809,1.01607
-4.61851,1.01661
-4.57963,1.01717
-4.52609,1.01773
-4.48661,1.01846
-4.45904,1.01885
-4.42194,1.01938
-4.36132,1.02014
-4.32481,1.02069
-4.29084,1.02125
-4.23709,1.02198
-4.20527,1.02254
-4.1771,1.02311
-4.12264,1.02403
-4.07964,1.02499
-4.04547,1.0259
-3.99087,1.02682
-3.95314,1.02759
-3.91809,1.02834
-3.88224,1.0291
-3.82647,1.03042
-3.79942,1.03138
-3.75887,1.0323
-3.70558,1.03365
-3.66764,1.03478
-3.63439,1.03573
-3.58533,1.03705
-3.55002,1.03821
-3.51783,1.03918
-3.46632,1.04089
-3.42849,1.04205
-3.39688,1.04302
-3.35503,1.04456
-3.30257,1.04651
-3.26451,1.04806
-3.23741,1.04944
-3.18016,1.05159
-3.14408,1.05296
-3.11016,1.05474
-3.05976,1.05692
-3.02922,1.05831
-2.99875,1.05949
-2.94409,1.06189
-2.90634,1.06369
-2.8698,1.06531
-2.83791,1.06692
-2.78381,1.06934
-2.74976,1.07075
-2.71978,1.07219
-2.6678,1.07422
-2.63085,1.07586
-2.59905,1.0773
-2.54623,1.07937
-2.51332,1.0804
-2.46685,1.08226
-2.41725,1.0837
-2.38062,1.08496
-2.34526,1.08538
-2.31317,1.08621
-2.26129,1.08685
-2.2242,1.08705
-2.19673,1.08705
-2.14456,1.08685
-2.10985,1.08642
-2.0748,1.0858
-2.02531,1.08455
-1.98714,1.08372
-1.95455,1.08247
-1.91414,1.0804
-1.88004,1.07894
-1.84419,1.07649
-1.79351,1.073
-1.75469,1.07015
-1.72279,1.06732
-1.68421,1.0641
-1.63962,1.0597
-1.6014,1.05573
-1.56742,1.05158
-1.50964,1.04515
-1.47561,1.04129
-1.44018,1.03668
-1.40398,1.03173
-1.35945,1.02609
-1.32873,1.02217
-1.26962,1.01407
-1.23348,1.00915
-1.1942,1.00391
-1.15643,0.99872
-1.1066,0.99199
-1.07255,0.98747
-1.03377,0.98209
-0.97891,0.97508
-0.94084,0.97069
-0.90244,0.96617
-0.84201,0.95903
-0.81083,0.95645
-0.77132,0.9517
-0.71333,0.94555
-0.66754,0.9416
-0.63355,0.93845
-0.59244,0.93481
-0.5397,0.9306
-0.50021,0.92767
-0.4624,0.9252
-0.40117,0.92126
-0.35663,0.91923
-0.31622,0.91724
-0.2552,0.91485
-0.2152,0.91333
-0.17137,0.91214
-0.11062,0.91096
-0.07913,0.91066
-0.03535,0.91033
0.00539,0.91022
0.07039,0.91051
0.10568,0.9111
0.1461,0.91184
0.21322,0.91336
0.25426,0.915
0.28987,0.91634
0.35279,0.91923
0.38898,0.92122
0.4291,0.9238
0.48135,0.92734
0.52056,0.92998
0.55557,0.93276
0.60445,0.93652
0.65711,0.94144
0.70208,0.9454
0.74062,0.94942
0.79138,0.95461
0.82522,0.95854
0.8696,0.96368
0.92435,0.97002
0.96653,0.97523
0.99613,0.97899
1.05863,0.98695
1.08166,0.99025
1.12532,0.9957
1.16132,1.00066
1.21445,1.00822
1.25355,1.01313
1.29108,1.01809
1.33804,1.0244
1.37574,1.02946
1.41041,1.03362
1.46774,1.0409
1.502,1.04553
1.54041,1.04922
1.58977,1.05533
1.62403,1.0589
1.65103,1.0613
1.69062,1.0651
1.74038,1.06974
1.77568,1.07238
1.8079,1.07484
1.86393,1.07834
1.89639,1.08018
1.92911,1.08206
1.98157,1.08412
2.01537,1.08559
2.04861,1.08642
2.1026,1.08747
2.13371,1.08789
2.16581,1.08789
2.20226,1.0881
2.2559,1.08747
2.28916,1.08726
2.32355,1.08684
2.3789,1.08559
2.41119,1.08517
2.44612,1.08391
2.4981,1.08204
2.52657,1.08122
2.56193,1.07998
2.61108,1.07792
2.64989,1.07606
2.68133,1.07503
2.72557,1.0732
2.76182,1.07137
2.79697,1.06995
2.82927,1.06852
2.88342,1.0659
2.92085,1.06408
2.95074,1.06288
3.00012,1.06069
3.03837,1.05888
3.07043,1.05771
3.12106,1.05531
3.1609,1.05354
3.19605,1.05216
3.2472,1.05021
3.2751,1.04902
3.30825,1.04805
3.34557,1.04669
3.39325,1.04454
3.43817,1.0432
3.46775,1.04242
3.5209,1.0405
3.55383,1.03954
3.59216,1.03819
3.64346,1.03705
3.68217,1.0359
3.71616,1.03514
3.76945,1.03381
3.80292,1.03325
3.83352,1.03229
3.86883,1.03172
3.92269,1.0304
3.95637,1.02963
3.99795,1.0291
4.04683,1.02796
4.0873,1.0272
4.11656,1.02663
4.1713,1.0257
4.20709,1.02494
4.24512,1.02456
4.29518,1.02382
4.33152,1.02308
4.36797,1.02271
4.41166,1.02215
4.46307,1.02141
4.50233,1.02104
4.53646,1.02067
4.5896,1.01992
4.62245,1.01957
4.66494,1.01883
4.71898,1.01846
4.75654,1.01789
4.7918,1.0175
4.84518,1.01734
4.87987,1.01697
4.91896,1.01661
4.9521,1.01643
5.00008,1.01567
5.03476,1.01549
5.077,1.01475
5.13119,1.01458
5.1698,1.01403
5.20587,1.01384
5.26067,1.01366
5.29285,1.0133
5.33178,1.01311
5.38184,1.01293
5.41705,1.01275
5.45021,1.01275
5.49335,1.01239
5.54537,1.01221
5.56935,1.01221
5.60988,1.01202
5.66298,1.01128
5.69886,1.01148
5.74096,1.01112
5.79273,1.01112
5.82755,1.01074
5.85832,1.01056
5.91951,1.01037
5.9535,1.01019
5.99345,1.01001
6.03016,1.00983
6.08636,1.00947
6.11807,1.00947
6.15466,1.00929
6.20243,1.00892
6.23788,1.00892
6.27674,1.00892
6.33688,1.00838
6.37031,1.00838
6.40714,1.00818
6.46206,1.00782
6.50101,1.00782
6.5324,1.00782
6.57177,1.00802
6.62392,1.00746
6.66185,1.00728
6.69529,1.00728
6.76742,1.00692
6.79503,1.00675
6.8363,1.00675
6.89417,1.00656
6.93136,1.00656
6.96594,1.0062
7.01663,1.00638
7.0543,1.00618
7.0873,1.00638
7.1409,1.00602
7.18217,1.00585
7.21588,1.00602
7.25472,1.00602
7.30313,1.00585
7.3451,1.00567
7.377,1.00567
7.43195,1.00531
7.47106,1.00531
7.50732,1.00531
7.55548,1.00512
7.59717,1.00512
7.63378,1.00492
7.68872,1.00495
7.72918,1.00477
7.7648,1.00495
7.79624,1.00457
7.8569,1.00459
7.87846,1.00475
7.91346,1.00477
7.97008,1.00421
8.01192,1.00403
8.04716,1.00421
8.10091,1.00403
8.14015,1.00403
8.17417,1.00403
8.22344,1.00459
8.26166,1.00511
8.29007,1.00495
8.3277,1.00495
8.38482,1.00477
8.42326,1.00475
8.45002,1.00457
8.5072,1.00439
8.54351,1.00441
8.58771,1.00441
8.63629,1.00441
8.67637,1.00421
8.70722,1.00441
8.76118,1.00421
8.79243,1.00441
8.8319,1.00477
8.86255,1.00457
8.9247,1.00457
8.95707,1.00475
8.99472,1.00439
9.05321,1.00421
9.09103,1.00439
9.12493,1.00457
9.17927,1.00441
9.21986,1.00386
9.26122,1.00386
9.31709,1.00332
9.3582,1.00332
9.3916,1.00332
9.42877,1.00332
9.48198,1.00332
9.52103,1.00314
9.5597,1.00296
9.61093,1.00314
9.63976,1.00278
9.68618,1.0026
9.73453,1.0026
9.7778,1.0026
9.81125,1.0026
9.86745,1.0026
9.90176,1.00296
9.93514,1.00296
9.97133,1.0026
10.02597,1.0026
10.06866,1.00242
10.10836,1.00242
10.15642,1.00242
10.19979,1.0026
10.2229,1.0026
10.27946,1.0026
10.30823,1.0026
10.3451,1.00296
10.39915,1.00296
10.43476,1.00278
10.47431,1.00296
10.50994,1.00296
10.56125,1.00296
10.60022,1.00278
10.63813,1.00278
10.69213,1.00278
10.72514,1.00332
10.76334,1.00314
10.8111,1.00296
10.8482,1.00296
10.87701,1.00332
10.94063,1.00296
10.97387,1.00314
11.00747,1.00332
11.04557,1.00332
11.10367,1.00296
11.13928,1.0026
11.18033,1.0026
11.22948,1.00296
11.26702,1.00314
11.30046,1.00314
11.38449,1.0026
11.41604,1.0026
11.45328,1.00242
11.50872,1.00278
11.55287,1.0026
11.58657,1.00242
11.6461,1.00242
11.67373,1.00242
11.71167,1.00242
11.74371,1.00242
11.80624,1.0026
11.83865,1.0026
11.87375,1.00278
11.93036,1.00278
11.96273,1.0026
11.99383,1.0026
12.05218,1.00278
12.08899,1.0026
12.12429,1.0026
12.17764,1.00242
12.22449,1.0026
12.25203,1.0026
12.28792,1.00278
12.35056,1.0026
12.38669,1.0026
12.41697,1.00296
12.47496,1.0026
12.51374,1.0026
12.54155,1.00242
12.59139,1.0026
12.63544,1.0026
12.66598,1.00296
12.72008,1.00278
