-14.9829,0.99616
-14.90281,0.99674
-14.84645,0.99703
-14.81134,0.99703
-14.73544,0.99703
-14.6949,0.99703
-14.64138,0.99732
-14.57256,0.99811
-14.51333,0.9987
-14.46973,0.99791
-14.4059,0.9984
-14.36001,0.9987
-14.31392,0.9984
-14.28095,0.99791
-14.19313,0.99811
-14.14606,0.99811
-14.09821,0.9984
-14.03327,0.99811
-13.99095,0.99811
-13.95111,0.99811
-13.88454,0.99752
-13.84908,0.99752
-13.80538,0.99703
-13.74745,0.99703
-13.69905,0.99674
-13.65368,0.99674
-13.60435,0.99674
-13.5347,0.99703
-13.49659,0.99732
-13.45037,0.99732
-13.39206,0.99732
-13.34257,0.99703
-13.29966,0.99703
-13.23115,0.99703
-13.18865,0.99674
-13.14685,0.99703
-13.07415,0.99752
-13.02631,0.99762
-12.97616,0.99762
-12.90746,0.99762
-12.86956,0.99732
-12.83089,0.99703
-12.79563,0.99703
-12.73606,0.99703
-12.68472,0.99732
-12.63883,0.99703
-12.57163,0.99703
-12.53013,0.99703
-12.48009,0.99694
-12.41407,0.99732
-12.36799,0.99732
-12.32554,0.99732
-12.25612,0.99752
-12.21614,0.99752
-12.171,0.99703
-12.1271,0.99732
-12.06949,0.99694
-12.02802,0.99674
-11.98144,0.99674
-11.91259,0.99674
-11.87169,0.99645
-11.82919,0.99654
-11.76493,0.99616
-11.73168,0.99616
-11.68533,0.99616
-11.61665,0.99586
-11.5688,0.99586
-11.52735,0.99586
-11.47964,0.99616
-11.40602,0.99616
-11.36045,0.99616
-11.31881,0.99616
-11.25068,0.99616
-11.2109,0.99616
-11.16132,0.99616
-11.09959,0.99586
-11.05517,0.99616
-11.01036,0.99586
-10.9423,0.99616
-10.89714,0.99616
-10.84824,0.99616
-10.8062,0.99645
-10.73712,0.99645
-10.71151,0.99645
-10.66105,0.99645
-10.59274,0.99645
-10.54526,0.99665
-10.50485,0.99665
-10.43545,0.99674
-10.38826,0.99674
-10.34584,0.99674
-10.28119,0.99645
-10.23541,0.99674
-10.19555,0.99674
-10.14615,0.99703
-10.08206,0.99703
-10.03398,0.99703
-10.00656,0.99703
-9.93454,0.99703
-9.89039,0.99732
-9.8457,0.99732
-9.77817,0.99752
-9.73135,0.99762
-9.69215,0.99782
-9.62658,0.99762
-9.5811,0.99782
-9.53277,0.99791
-9.48932,0.99811
-9.41992,0.99791
-9.37576,0.9984
-9.33402,0.9984
-9.27504,0.9987
-9.22587,0.9987
-9.18895,0.9987
-9.11578,0.99899
-9.07295,0.99879
-9.02451,0.99899
-8.95934,0.99899
-8.91492,0.99899
-8.87135,0.99929
-8.82664,0.99929
-8.7614,0.99929
-8.7152,0.99929
-8.67751,0.99958
-8.60673,0.99958
-8.53812,0.99958
-8.48979,0.99958
-8.43103,0.99958
-8.37953,0.99987
-8.33681,0.99987
-8.27479,0.99987
-8.2268,0.99997
-8.18297,1.00017
-8.14527,1.00007
-8.07746,1.00017
-8.03198,1.00017
-7.98312,1.00026
-7.91952,1.00017
-7.87114,1.00046
-7.83503,1.00056
-7.77469,1.00046
-7.73218,1.00046
-7.68333,1.00076
-7.62067,1.00076
-7.57225,1.00076
-7.52787,1.00076
-7.46419,1.00076
-7.42114,1.00105
-7.37271,1.00105
-7.32937,1.00134
-7.26439,1.00134
-7.22001,1.00134
-7.17374,1.00134
-7.12638,1.00184
-7.07907,1.00155
-7.03477,1.00164
-6.96509,1.00184
-6.92404,1.00214
-6.87633,1.00243
-6.81225,1.00223
-6.76597,1.00243
-6.72358,1.00273
-6.67797,1.00273
-6.61503,1.00302
-6.56817,1.00302
-6.52337,1.00342
-6.46339,1.00362
-6.42152,1.00362
-6.37449,1.00391
-6.30631,1.00391
-6.26619,1.00421
-6.22105,1.0045
-6.15269,1.0048
-6.11473,1.0048
-6.06869,1.0051
-6.02255,1.0051
-5.95259,1.0054
-5.91052,1.0057
-5.86405,1.0057
-5.79932,1.00619
-5.74789,1.00629
-5.70669,1.00659
-5.63608,1.00709
-5.59587,1.00718
-5.54888,1.00748
-5.48455,1.00798
-5.43551,1.00828
-5.39639,1.00849
-5.34815,1.00858
-5.28165,1.00918
-5.23702,1.00918
-5.19464,1.00978
-5.12696,1.01008
-5.08996,1.01038
-5.04871,1.01068
-4.97982,1.01098
-4.93095,1.01158
-4.89059,1.01188
-4.82273,1.01269
-4.77843,1.01299
-4.73368,1.01359
-4.6969,1.01389
-4.62286,1.0144
-4.58813,1.0151
-4.54033,1.01562
-4.47602,1.01652
-4.42802,1.01683
-4.3878,1.01743
-4.32829,1.01804
-4.28739,1.01866
-4.24641,1.01896
-4.17942,1.02008
-4.13305,1.02069
-4.09584,1.0213
-4.04873,1.02222
-3.98532,1.02335
-3.93945,1.02428
-3.89918,1.02489
-3.83322,1.02612
-3.79003,1.02757
-3.74758,1.0283
-3.68875,1.02975
-3.65129,1.031
-3.61449,1.03162
-3.54788,1.03339
-3.50469,1.03496
-3.45984,1.03643
-3.42056,1.0377
-3.34756,1.03991
-3.30615,1.04139
-3.26679,1.04299
-3.2007,1.04491
-3.1548,1.04705
-3.11716,1.04866
-3.05101,1.05145
-3.00725,1.05308
-2.95392,1.05557
-2.89636,1.0582
-2.85014,1.06093
-2.80674,1.06269
-2.76694,1.06457
-2.70567,1.06723
-2.65984,1.06946
-2.62589,1.07113
-2.56182,1.07371
-2.51784,1.07574
-2.47337,1.07766
-2.41011,1.07983
-2.36863,1.08129
-2.32808,1.08266
-2.27865,1.08369
-2.23818,1.08438
-2.1934,1.08507
-2.13334,1.08541
-2.08995,1.08563
-2.05076,1.08507
-2.0066,1.08438
-1.95011,1.08266
-1.90656,1.08129
-1.86322,1.07936
-1.79915,1.07562
-1.75804,1.07269
-1.71801,1.06979
-1.67571,1.06602
-1.62913,1.06137
-1.58717,1.05754
-1.51938,1.04962
-1.47697,1.04458
-1.43773,1.03959
-1.39123,1.03381
-1.33169,1.02551
-1.28499,1.01926
-1.23664,1.01248
-1.18026,1.0048
-1.13255,0.99762
-1.08037,0.99053
-1.00954,0.98107
-0.98353,0.9774
-0.9335,0.97085
-0.86372,0.96221
-0.8117,0.95532
-0.7747,0.95084
-0.72229,0.94516
-0.66057,0.93875
-0.61289,0.93442
-0.56503,0.93038
-0.49286,0.92467
-0.44558,0.92115
-0.39375,0.91803
-0.31777,0.91388
-0.27016,0.91173
-0.21804,0.90952
-0.13835,0.90738
-0.09768,0.90641
-0.04436,0.90599
0.00392,0.90574
0.0791,0.90623
0.12501,0.90714
0.17559,0.90836
0.24879,0.91074
0.29801,0.91289
0.34386,0.91487
0.41383,0.91896
0.46009,0.92222
0.50958,0.92587
0.57037,0.93115
0.61731,0.9352
0.66008,0.93927
0.71665,0.94516
0.78217,0.95217
0.83678,0.95828
0.88413,0.9644
0.95059,0.97197
0.98498,0.97768
1.04031,0.98439
1.10343,0.99343
1.15046,0.99997
1.1898,1.0054
1.26356,1.01632
1.28721,1.01987
1.33425,1.02623
1.37671,1.03193
1.43955,1.04034
1.48472,1.04587
1.52993,1.05124
1.58779,1.05775
1.62908,1.06203
1.66701,1.06556
1.73441,1.07159
1.77746,1.07451
1.81916,1.07744
1.88414,1.08073
1.92459,1.08279
1.95537,1.08369
1.99987,1.08507
2.05732,1.08589
2.10004,1.0861
2.13966,1.08645
2.20655,1.08576
2.24577,1.08541
2.28687,1.08438
2.34701,1.08279
2.38962,1.08141
2.43032,1.08039
2.49493,1.07744
2.53457,1.07586
2.5772,1.07383
2.61456,1.07227
2.68161,1.06924
2.71914,1.06757
2.76212,1.06569
2.83396,1.06237
2.87138,1.06071
2.91327,1.05885
2.97959,1.05547
3.01882,1.05352
3.05956,1.05222
3.12106,1.0493
3.16938,1.04748
3.20923,1.04608
3.26586,1.04363
3.30959,1.04246
3.35084,1.04118
3.38744,1.0397
3.45555,1.03749
3.49561,1.03601
3.53916,1.03507
3.59596,1.03329
3.64746,1.03204
3.68924,1.03142
3.75087,1.02954
3.80466,1.02871
3.8406,1.02809
3.90969,1.02685
3.94339,1.02592
3.98317,1.0253
4.03008,1.02438
4.09342,1.02294
4.14071,1.02233
4.18366,1.02192
4.25374,1.02079
4.29177,1.02018
4.3345,1.01987
4.39787,1.01875
4.44417,1.01845
4.48341,1.01784
4.55132,1.01723
4.59324,1.01662
4.63306,1.01611
4.67466,1.01581
4.73949,1.01521
4.78781,1.0146
4.83129,1.0146
4.89415,1.01379
4.94169,1.01369
4.97935,1.01339
5.04428,1.01258
5.08625,1.01248
5.138,1.01198
5.20034,1.01168
5.24682,1.01108
5.29151,1.01108
5.342,1.01078
5.4037,1.01047
5.44761,1.01047
5.48993,1.01018
5.55492,1.00958
5.59496,1.00987
5.64414,1.00938
5.70561,1.00928
5.7547,1.00897
5.79492,1.00848
5.86624,1.00818
5.90381,1.00808
5.95368,1.00788
5.99393,1.00778
6.05058,1.00758
6.09296,1.00728
6.1429,1.00698
6.21069,1.00668
6.25757,1.00659
6.30265,1.00639
6.3706,1.00589
6.40603,1.00609
6.45502,1.00589
6.51766,1.00559
6.56256,1.00559
6.60286,1.00549
6.65342,1.00529
6.71953,1.00519
6.74866,1.00499
6.79496,1.0049
6.86088,1.0047
6.90452,1.0046
6.95475,1.0046
7.02014,1.0047
7.0585,1.0044
7.09829,1.0044
7.1704,1.0041
7.2117,1.0041
7.25976,1.0041
7.30965,1.0041
7.3721,1.00381
7.41184,1.00381
7.45324,1.0041
7.51494,1.00371
7.55686,1.00351
7.60055,1.00351
7.67192,1.00351
7.72008,1.00322
7.76303,1.00322
7.82545,1.00292
7.87382,1.00292
7.915,1.00292
7.96416,1.00292
8.02654,1.00262
8.07551,1.00262
8.11582,1.00292
8.19451,1.00292
8.2397,1.00292
8.27699,1.00292
8.3477,1.00262
8.3971,1.00262
8.43896,1.00233
8.50568,1.00233
8.54427,1.00233
8.59553,1.00203
8.6533,1.00174
8.70846,1.00133
8.75493,1.00174
8.79348,1.00154
8.85263,1.00154
8.898,1.00154
8.93553,1.00183
9.00381,1.00183
9.0495,1.00203
9.0926,1.00154
9.16247,1.00154
9.20227,1.00174
9.24555,1.00174
9.32033,1.00144
9.35735,1.00154
9.40331,1.00174
9.44252,1.00174
9.50747,1.00174
9.53547,1.00183
9.57871,1.00174
9.64418,1.00174
9.6915,1.00174
9.73246,1.00183
9.79883,1.00203
9.84266,1.00212
9.88725,1.00183
9.9517,1.00174
10.00289,1.00154
10.03843,1.00203
10.08611,1.00154
10.15072,1.00174
10.20124,1.00174
10.23227,1.00183
10.30116,1.00174
10.34194,1.00183
10.38842,1.00183
10.44989,1.00174
10.49953,1.00183
10.54267,1.00154
10.60581,1.00174
10.64806,1.00154
10.7019,1.00124
10.7412,1.00144
10.81356,1.00124
10.85724,1.00174
10.89746,1.00124
10.97437,1.00065
11.02179,1.00094
11.05938,1.00124
11.12631,1.00124
11.16571,1.00144
11.21894,1.00124
11.28536,1.00094
11.32888,1.00094
11.37365,1.00074
11.41706,1.00124
11.48094,1.00065
11.52836,1.00094
11.57194,1.00094
11.6373,1.00065
11.67133,1.00094
11.72248,1.00074
11.78502,1.00094
11.82972,1.00065
11.87745,1.00065
11.94841,1.00065
11.98512,1.00094
12.03104,1.00124
12.07239,1.00104
12.13883,1.00094
12.17537,1.00124
12.23072,1.00104
12.2949,1.00094
12.3409,1.00124
12.37331,1.00104
12.44537,1.00124
12.48044,1.00124
12.52928,1.00174
12.59054,1.00154
12.63785,1.00124
12.68019,1.00154
12.71786,1.00212
12.78167,1.00183
12.82583,1.00154
12.8754,1.00183
12.94137,1.00183
12.98568,1.00154
13.03276,1.00183
13.08013,1.00212
13.12869,1.00233
13.17415,1.00183
13.2537,1.00154
13.29353,1.00183
13.33652,1.00183
13.38481,1.00154
13.44462,1.00212
13.47776,1.00272
13.52341,1.00322
13.58653,1.00322
13.62797,1.00301
13.66711,1.00351
13.76065,1.00351
13.7972,1.0039
13.84262,1.0039
13.91926,1.00351
13.96477,1.00351
14.00828,1.00331
14.08088,1.00322
14.1203,1.00301
14.1626,1.00301
14.20106,1.00381
14.27376,1.00351
14.31708,1.00381
14.36709,1.00381
14.42429,1.0041
14.46455,1.0041
14.50582,1.0044
14.57217,1.0044
14.61196,1.0047
14.65419,1.0047
14.71571,1.0047
14.76588,1.00499
14.80147,1.00499
14.85349,1.00499
14.91925,1.00499
14.96457,1.00499
15.00926,1.00479
15.06849,1.00559
15.1118,1.00559
15.13572,1.00589
15.19884,1.00619
15.24793,1.00619
15.2919,1.00619
15.35915,1.00619
