-13.80521,0.99871
-13.70747,0.99871
-13.59276,0.99894
-13.41325,0.99894
-13.30853,0.99916
-13.20032,0.99928
-13.02184,0.99917
-12.92431,0.99917
-12.82769,0.99951
-12.65289,0.99929
-12.53955,0.99951
-12.42926,0.99929
-12.24899,0.99929
-12.13719,0.99939
-12.02888,0.99917
-11.92812,0.99917
-11.74824,0.99916
-11.64292,0.99894
-11.52554,0.99894
-11.36289,0.99894
-11.2436,0.99894
-11.13894,0.99894
-10.9854,0.99894
-10.86917,0.99906
-10.77343,0.99917
-10.60208,0.99917
-10.48156,0.99951
-10.37889,0.99962
-10.26354,0.9994
-10.09355,0.9994
-9.97122,0.99962
-9.86567,0.99929
-9.69124,0.99906
-9.57492,0.99871
-9.47115,0.99815
-9.302,0.99746
-9.20242,0.99711
-9.11398,0.99643
-8.94548,0.99551
-8.82528,0.99494
-8.70836,0.99415
-8.60581,0.99381
-8.41954,0.99346
-8.31844,0.99369
-8.21792,0.99392
-8.04026,0.99494
-7.92096,0.99563
-7.81428,0.99632
-7.62877,0.9978
-7.51693,0.99861
-7.36514,0.99985
-7.21331,1.00055
-7.09089,1.00101
-6.97314,1.00158
-6.86963,1.00181
-6.6984,1.00216
-6.57828,1.00251
-6.48767,1.00274
-6.30776,1.00344
-6.19733,1.00424
-6.07121,1.00505
-5.91405,1.0061
-5.79193,1.00714
-5.68392,1.00808
-5.53886,1.00934
-5.42184,1.01064
-5.29872,1.0117
-5.15442,1.01322
-5.02971,1.01498
-4.91944,1.01605
-4.80122,1.01748
-4.66419,1.01938
-4.54796,1.02116
-4.42573,1.02307
-4.25348,1.02619
-4.14989,1.02836
-4.03142,1.03088
-3.92267,1.03354
-3.80185,1.03659
-3.68507,1.03954
-3.52933,1.04485
-3.41892,1.04835
-3.30266,1.05285
-3.19431,1.05727
-3.06283,1.0634
-2.94227,1.06826
-2.84259,1.0733
-2.68433,1.08075
-2.5729,1.0863
-2.461,1.09166
-2.29803,1.09878
-2.23097,1.10124
-2.11399,1.10547
-1.9621,1.10945
-1.85307,1.11124
-1.75604,1.11195
-1.64616,1.11209
-1.50897,1.11138
-1.39627,1.1095
-1.28813,1.10739
-1.12639,1.10328
-1.04119,1.10086
-0.92268,1.09772
-0.77172,1.0934
-0.6577,1.09098
-0.54653,1.08897
-0.38966,1.08616
-0.29053,1.08448
-0.17769,1.08354
-0.07167,1.083
0.08634,1.0829
0.18356,1.08317
0.29432,1.08394
0.45149,1.08603
0.55971,1.08765
0.65434,1.08938
0.81988,1.09303
0.91502,1.09555
1.0265,1.09845
1.1488,1.10179
1.26842,1.10453
1.3669,1.10687
1.47123,1.10879
1.63105,1.11044
1.73361,1.11054
1.84011,1.10988
1.98799,1.10781
2.08999,1.10547
2.19282,1.10221
2.34302,1.09675
2.45116,1.09193
2.5373,1.08792
2.71669,1.07972
2.78164,1.07632
2.89224,1.07086
3.00388,1.06607
3.15923,1.05967
3.26226,1.05512
3.38838,1.05084
3.54047,1.04573
3.6402,1.04264
3.74343,1.03956
3.9349,1.03503
4.02791,1.03283
4.14412,1.03041
4.30851,1.02726
4.42596,1.02556
4.4977,1.02414
4.62125,1.02225
4.76451,1.02056
4.874,1.01914
4.98797,1.01794
5.17258,1.01593
5.28054,1.01453
5.39308,1.01382
5.56087,1.01229
5.6824,1.01135
5.78383,1.01054
5.96229,1.00947
6.06228,1.00878
6.1612,1.00831
6.26998,1.00796
6.45308,1.00715
6.54888,1.0068
6.66181,1.00645
6.83718,1.00553
6.96944,1.00484
7.07553,1.00414
7.24549,1.00297
7.34148,1.00194
7.45481,1.00113
7.61978,0.99953
7.74848,0.99849
7.85201,0.9977
7.99873,0.99689
8.12176,0.99643
8.21658,0.99587
8.32374,0.99564
8.51783,0.99587
8.60832,0.99598
8.72456,0.9961
8.88708,0.99678
9.0222,0.99724
9.12923,0.9977
9.28638,0.99849
9.42367,0.99884
9.5295,0.9993
9.69108,0.99988
9.78365,1.00033
9.88595,1.00044
9.99749,1.00079
10.16421,1.00091
10.30427,1.00101
10.3939,1.00091
10.57582,1.00091
10.68554,1.00078
10.80982,1.00079
10.96713,1.00068
11.08749,1.00066
11.19627,1.00079
11.35041,1.00079
11.46151,1.00079
11.56489,1.00057
11.67193,1.00078
11.84507,1.00091
11.97099,1.0009
12.07585,1.00092
12.24591,1.00092
12.36031,1.00136
12.47568,1.00114
12.64304,1.00114
12.73035,1.00114
12.87574,1.00102
13.03897,1.00102
13.15412,1.00091
13.26708,1.00091
13.39905,1.00057
13.55714,1.00021
13.68038,0.99976
13.77236,0.99942
