-13.98769,0.99804
-13.78993,0.99794
-13.6682,0.99783
-13.54082,0.99772
-13.43428,0.99783
-13.23295,0.99751
-13.12358,0.99751
-12.98644,0.99751
-12.79909,0.99751
-12.66132,0.9973
-12.54845,0.9971
-12.3848,0.9971
-12.26279,0.9971
-12.14749,0.9971
-11.95227,0.9971
-11.82324,0.9971
-11.71329,0.99689
-11.57886,0.9971
-11.39917,0.9971
-11.25973,0.9971
-11.14088,0.9971
-10.95061,0.9971
-10.81928,0.9971
-10.69645,0.9971
-10.52163,0.9971
-10.40505,0.9971
-10.29915,0.9971
-10.11089,0.9971
-9.97883,0.9971
-9.84438,0.9971
-9.72535,0.9971
-9.52542,0.9971
-9.41178,0.9973
-9.30219,0.9973
-9.10952,0.99751
-8.97051,0.99762
-8.86257,0.99762
-8.66713,0.99772
-8.53706,0.99783
-8.37504,0.99793
-8.20204,0.99804
-8.06613,0.99815
-7.94008,0.99825
-7.81669,0.99825
-7.63054,0.99877
-7.49713,0.99889
-7.39206,0.9991
-7.19628,0.99951
-7.0727,0.99972
-6.93627,1.00025
-6.75967,1.00067
-6.62732,1.0012
-6.50374,1.00141
-6.35259,1.00215
-6.22827,1.00257
-6.09653,1.00321
-5.90851,1.00416
-5.77667,1.00491
-5.65988,1.00564
-5.52482,1.00672
-5.3528,1.0081
-5.21344,1.00927
-5.08248,1.01056
-4.89505,1.01249
-4.79057,1.0139
-4.65874,1.01584
-4.52636,1.0179
-4.39631,1.0203
-4.26941,1.02281
-4.08018,1.02743
-3.95288,1.03097
-3.81426,1.03531
-3.704,1.03946
-3.54381,1.04603
-3.42683,1.05175
-3.28687,1.05822
-3.13162,1.06711
-3.0007,1.07494
-2.87354,1.08287
-2.6952,1.09335
-2.61102,1.09841
-2.49203,1.10338
-2.3286,1.10839
-2.20866,1.10864
-2.08073,1.10564
-1.97075,1.09891
-1.80226,1.08298
-1.68435,1.06794
-1.55493,1.04706
-1.37016,1.00927
-1.24594,0.98445
-1.11735,0.95594
-0.90682,0.91714
-0.77185,0.89105
-0.62052,0.86818
-0.42333,0.8428
-0.27198,0.8319
-0.12827,0.82506
0.00562,0.82361
0.23582,0.83004
0.37884,0.83919
0.50739,0.85235
0.73343,0.88146
0.87459,0.90912
0.98485,0.93262
1.19232,0.97276
1.30823,0.9971
1.44814,1.02456
1.5984,1.05302
1.73176,1.07208
1.839,1.08711
1.97139,1.09964
2.14114,1.10815
2.27404,1.10966
2.39123,1.10815
2.53165,1.10314
2.65433,1.09717
2.78004,1.09016
2.9488,1.08009
3.05537,1.07363
3.18102,1.06664
3.38001,1.05613
3.43902,1.05279
3.56816,1.04694
3.6965,1.04184
3.872,1.03576
3.99084,1.03207
4.11874,1.02886
4.29518,1.02478
4.40983,1.02236
4.52975,1.0203
4.72958,1.01735
4.84023,1.01573
4.96788,1.01422
5.16335,1.01228
5.29108,1.01121
5.38189,1.01034
5.51519,1.00949
5.6881,1.00841
5.81222,1.00746
5.92798,1.00703
6.13304,1.00596
6.23659,1.00564
6.36057,1.0051
6.55876,1.00447
6.66964,1.00394
6.79292,1.00383
6.98914,1.00341
7.11559,1.00331
7.23975,1.0032
7.37268,1.00278
7.57168,1.00278
7.68901,1.00266
7.81016,1.00246
8.01146,1.00236
8.13053,1.00224
8.24267,1.00224
8.44074,1.00203
8.55607,1.00203
8.67882,1.00203
8.86131,1.00215
9.01045,1.00192
9.12267,1.00194
9.29086,1.00192
9.42251,1.00203
9.54745,1.00192
9.66571,1.00183
9.8545,1.00183
9.97773,1.00183
10.094,1.00203
10.26919,1.00203
10.40618,1.00192
10.52153,1.00224
10.7049,1.00213
10.84375,1.00234
10.97572,1.00224
11.15225,1.00224
11.24572,1.00224
11.3634,1.00236
11.4924,1.00246
11.67045,1.00268
11.81961,1.00278
11.92985,1.00266
12.1242,1.00299
12.24213,1.00308
12.36807,1.00299
12.55247,1.0033
12.6812,1.0032
12.79353,1.00341
12.9807,1.00373
13.09855,1.00362
13.21617,1.00383
13.33201,1.00373
13.51994,1.00362
13.64862,1.00405
13.78004,1.00373
13.95612,1.00425
