-14.00151,0.99788
-13.87577,0.99829
-13.70718,0.99829
-13.58178,0.99808
-13.43696,0.99829
-13.27279,0.99829
-13.14148,0.99829
-12.98785,0.99829
-12.85191,0.99829
-12.69055,0.99829
-12.53811,0.99849
-12.36728,0.99849
-12.20833,0.99849
-12.05601,0.9987
-11.92508,0.99849
-11.76742,0.9987
-11.63012,0.9989
-11.4668,0.9989
-11.33234,0.99869
-11.19066,0.99869
-11.03775,0.99869
-10.87328,0.9989
-10.7453,0.9989
-10.58489,0.9989
-10.45279,0.99869
-10.32091,0.9989
-10.14879,0.9991
-10.02018,0.9991
-9.86758,0.9991
-9.73336,0.9993
-9.5752,0.9991
-9.42919,0.9991
-9.30157,0.9993
-9.13913,0.9993
-8.97284,0.9993
-8.85885,0.9993
-8.68617,0.9993
-8.5622,0.9993
-8.38669,0.9993
-8.22816,0.99951
-8.10341,0.99951
-7.94275,0.99951
-7.81082,0.99971
-7.6521,0.99971
-7.48817,0.99971
-7.38227,0.99992
-7.21129,0.99992
-7.05222,1.00032
-6.92268,1.00053
-6.76196,1.00053
-6.64283,1.00073
-6.47767,1.00093
-6.33261,1.00134
-6.21243,1.00175
-6.04847,1.00196
-5.91939,1.00237
-5.75783,1.00257
-5.59764,1.00298
-5.47093,1.00359
-5.32495,1.00401
-5.1637,1.00462
-5.03315,1.00503
-4.87231,1.00606
-4.75672,1.00689
-4.58839,1.00771
-4.44108,1.00875
-4.29531,1.01041
-4.13615,1.01207
-3.99924,1.01353
-3.8404,1.01583
-3.69362,1.01836
-3.56057,1.02068
-3.39785,1.02408
-3.2637,1.02771
-3.13645,1.03115
-2.98108,1.03614
-2.85189,1.04051
-2.70479,1.04557
-2.55014,1.05113
-2.42806,1.05495
-2.29192,1.05834
-2.13519,1.06083
-2.0099,1.0606
-1.8672,1.05765
-1.74877,1.05315
-1.59038,1.04292
-1.43146,1.02964
-1.31954,1.01751
-1.15758,1.00032
-1.02337,0.98544
-0.86892,0.96942
-0.69658,0.95295
-0.56788,0.94244
-0.39499,0.93231
-0.21471,0.92503
-0.08359,0.92255
0.0964,0.92256
0.22982,0.92555
0.40827,0.93267
0.57461,0.94336
0.70479,0.95351
0.86531,0.96828
0.99534,0.98228
1.16053,0.99971
1.31273,1.01731
1.43035,1.02943
1.59058,1.04248
1.74845,1.05316
1.85332,1.05788
2.01247,1.06106
2.13483,1.06151
2.28086,1.05947
2.43228,1.05562
2.5489,1.05181
2.7103,1.04624
2.82076,1.0427
2.96901,1.03723
3.13879,1.03244
3.24922,1.029
3.40706,1.02515
3.57065,1.02174
3.69321,1.01962
3.8604,1.01689
3.97911,1.015
4.14328,1.01332
4.29955,1.01145
4.42365,1.01041
4.5882,1.00916
4.72615,1.00834
4.85898,1.00751
5.02415,1.00647
5.14807,1.00606
5.30814,1.00544
5.46122,1.00483
5.59734,1.00441
5.73623,1.00401
5.85995,1.0038
6.02819,1.00339
6.18789,1.00318
6.31414,1.00278
6.47315,1.00257
6.62957,1.00257
6.74491,1.00236
6.90257,1.00216
7.04092,1.00196
7.19659,1.00196
7.35144,1.00175
7.48388,1.00175
7.644,1.00175
7.77822,1.00155
7.93944,1.00155
8.09823,1.00134
8.22829,1.00134
8.39195,1.00155
8.55387,1.00134
8.67885,1.00134
8.82183,1.00134
8.95849,1.00134
9.11975,1.00134
9.28289,1.00134
9.40154,1.00114
9.56402,1.00114
9.69748,1.00134
9.83629,1.00114
9.99696,1.00114
10.12715,1.00134
10.28616,1.00114
10.44605,1.00114
10.57682,1.00114
10.738,1.00114
10.84914,1.00114
11.00679,1.00114
11.17304,1.00114
11.29893,1.00114
11.45391,1.00114
11.58573,1.00114
11.744,1.00134
11.92565,1.00114
12.04645,1.00134
12.21214,1.00134
12.36518,1.00134
12.49372,1.00155
12.6542,1.00134
12.77858,1.00114
12.93584,1.00134
13.09682,1.00114
13.21984,1.00113
13.3855,1.00114
13.54784,1.00114
13.66964,1.00093
13.82647,1.00073
13.93887,1.00073
