-11.29015,0.99586
-11.17844,0.99586
-11.10272,0.99606
-11.00927,0.99586
-10.92717,0.99554
-10.81901,0.99586
-10.7198,0.99622
-10.6355,0.9967
-10.53292,0.99686
-10.44972,0.99686
-10.34809,0.99654
-10.24522,0.99686
-10.16035,0.99718
-10.05562,0.9975
-9.95428,0.99766
-9.87017,0.99782
-9.76683,0.99798
-9.69583,0.9983
-9.58984,0.9983
-9.49191,0.99798
-9.41494,0.99815
-9.3073,0.9983
-9.22816,0.99863
-9.12563,0.99879
-9.02836,0.99879
-8.95024,0.99911
-8.84665,0.99911
-8.75121,0.99895
-8.6689,0.99879
-8.56833,0.99846
-8.4903,0.99863
-8.39583,0.99846
-8.29638,0.99846
-8.21292,0.99863
-8.11217,0.99863
-8.02954,0.99879
-7.9281,0.99895
-7.82481,0.99911
-7.72293,0.99911
-7.62308,0.99911
-7.52598,0.99943
-7.43997,1.00024
-7.34,1.00027
-7.25649,1.00024
-7.15345,1.00024
-7.06128,1.00056
-6.97953,1.00088
-6.8781,1.00108
-6.77718,1.00124
-6.69734,1.00157
-6.59411,1.00173
-6.51093,1.00185
-6.429,1.00238
-6.32067,1.00253
-6.23802,1.00302
-6.13916,1.00351
-6.05755,1.00367
-5.95674,1.00416
-5.86192,1.00448
-5.78381,1.00498
-5.68853,1.0053
-5.58319,1.00599
-5.50676,1.00648
-5.40091,1.00681
-5.31919,1.00742
-5.21261,1.00811
-5.10809,1.00893
-5.0289,1.00975
-4.93032,1.01041
-4.85148,1.01107
-4.75016,1.01209
-4.64753,1.01292
-4.58449,1.01375
-4.48009,1.01474
-4.37778,1.01594
-4.29883,1.01674
-4.19947,1.01794
-4.12521,1.01931
-4.02114,1.02066
-3.9323,1.02234
-3.85633,1.02406
-3.74918,1.02625
-3.67107,1.02795
-3.57491,1.03072
-3.48175,1.03295
-3.40223,1.03556
-3.30989,1.03819
-3.21887,1.04097
-3.13161,1.0438
-3.03392,1.04683
-2.96413,1.04895
-2.86359,1.0509
-2.77011,1.05324
-2.68537,1.0561
-2.58713,1.06064
-2.51341,1.06521
-2.41212,1.07148
-2.32501,1.07632
-2.24052,1.07971
-2.14671,1.08121
-2.06303,1.08159
-1.98663,1.08083
-1.89118,1.07878
-1.81635,1.07614
-1.72468,1.07166
-1.62615,1.06521
-1.55111,1.05898
-1.46732,1.05214
-1.36616,1.04237
-1.28346,1.03363
-1.19183,1.02385
-1.10939,1.01441
-1.01271,1.00367
-0.9109,0.99231
-0.83858,0.98498
-0.73331,0.97452
-0.64727,0.96714
-0.55362,0.95941
-0.43629,0.95209
-0.34882,0.94767
-0.25024,0.94343
-0.12894,0.94009
-0.0467,0.93938
0.06325,0.93966
0.14712,0.941
0.25832,0.94387
0.35628,0.9484
0.44599,0.95312
0.54007,0.95955
0.63026,0.96638
0.7312,0.97498
0.83586,0.98514
0.91034,0.99311
1.01427,1.00396
1.11773,1.01557
1.1847,1.02335
1.28543,1.03432
1.36303,1.0429
1.45942,1.05179
1.55774,1.06028
1.62684,1.06613
1.72775,1.0724
1.79383,1.07592
1.89106,1.0795
1.98804,1.08178
2.05945,1.08253
2.15352,1.08196
2.24986,1.08006
2.32315,1.07781
2.41721,1.07277
2.49732,1.06796
2.5958,1.06169
2.68795,1.05736
2.75862,1.05464
2.85736,1.05193
2.94468,1.05051
3.02612,1.04856
3.12862,1.04535
3.20459,1.0429
3.30021,1.03989
3.39002,1.03708
3.47309,1.03484
3.56243,1.0324
3.63615,1.03068
3.74022,1.02792
3.83904,1.02588
3.91704,1.02432
4.01069,1.02263
4.1086,1.02092
4.18351,1.01991
4.2823,1.01837
4.36343,1.01737
4.46722,1.01603
4.56269,1.0152
4.64611,1.01437
4.74519,1.01338
4.83119,1.01285
4.92891,1.01189
5.02879,1.01136
5.11384,1.01087
5.21118,1.01037
5.31137,1.00955
5.39225,1.00906
5.48215,1.00836
5.56528,1.00808
5.66555,1.00722
5.76524,1.00673
5.84391,1.00673
5.94098,1.0064
6.02619,1.00608
6.1118,1.00575
6.21571,1.00543
6.29841,1.00526
6.39498,1.00493
6.50152,1.00461
6.58007,1.00428
6.68477,1.0038
6.75543,1.0036
6.85587,1.00327
6.96061,1.00295
7.0372,1.00311
7.1365,1.00279
7.2219,1.00246
7.31779,1.00226
7.43347,1.0023
7.50654,1.00246
7.6101,1.00246
7.70866,1.0023
7.78612,1.0021
7.89089,1.0021
7.96609,1.00193
8.06441,1.00193
8.16352,1.0023
8.2446,1.00213
8.34692,1.00193
8.44854,1.00178
8.5339,1.00178
8.63184,1.00161
8.69621,1.0021
8.79781,1.00259
8.88879,1.00275
8.97066,1.00323
9.07059,1.00343
9.15206,1.00311
9.25611,1.00295
9.35056,1.00295
9.43473,1.00279
9.5349,1.00262
9.63569,1.0023
9.72204,1.0021
9.82594,1.0021
9.90669,1.00193
10.01748,1.00145
10.11909,1.00112
10.20145,1.00129
10.29576,1.00145
10.37438,1.00178
10.4797,1.00178
10.57455,1.00178
10.64981,1.0021
10.74735,1.00193
10.85095,1.00193
10.93101,1.00193
11.03368,1.00161
11.11768,1.00161
11.22278,1.00145
11.31537,1.00112
11.39214,1.00129
11.4911,1.00112
11.57604,1.00112
11.66563,1.00161
