-20.0419,0.99754
-19.92582,0.99711
-19.78737,0.99732
-19.66323,0.99732
-19.53074,0.99721
-19.4048,0.99743
-19.21896,0.99721
-19.10097,0.99775
-18.97806,0.99775
-18.80629,0.99786
-18.68609,0.99775
-18.57297,0.99797
-18.44207,0.99797
-18.27406,0.99808
-18.14013,0.99818
-18.01478,0.99851
-17.85459,0.99851
-17.74017,0.99851
-17.61145,0.99872
-17.42698,0.99872
-17.31445,0.99872
-17.18949,0.99872
-17.00359,0.99872
-16.91111,0.99872
-16.77781,0.99883
-16.6562,0.99894
-16.45444,0.99894
-16.34263,0.99905
-16.2116,0.99894
-16.03497,0.99872
-15.89606,0.99851
-15.78568,0.99851
-15.59208,0.99808
-15.49278,0.99775
-15.36231,0.99743
-15.16838,0.99721
-15.04627,0.99678
-14.9423,0.99678
-14.80415,0.99657
-14.62613,0.99657
-14.50658,0.99678
-14.38309,0.99678
-14.19851,0.99657
-14.08943,0.99657
-13.98686,0.99657
-13.79958,0.99624
-13.6728,0.99624
-13.54883,0.99624
-13.36512,0.99614
-13.24193,0.99624
-13.12258,0.99592
-13.01901,0.99613
-12.82126,0.99603
-12.71867,0.99592
-12.58891,0.99613
-12.41026,0.99571
-12.28165,0.99549
-12.1642,0.99549
-11.99835,0.99571
-11.87499,0.99571
-11.76478,0.99571
-11.58198,0.99603
-11.4514,0.99603
-11.34879,0.99613
-11.21684,0.99603
-11.04011,0.99603
-10.91122,0.99603
-10.79697,0.99624
-10.60812,0.99646
-10.47692,0.99646
-10.36559,0.99645
-10.18865,0.99657
-10.08258,0.99678
-9.97576,0.99678
-9.78802,0.99699
-9.66349,0.997
-9.53486,0.99689
-9.42372,0.99678
-9.22503,0.997
-9.1145,0.997
-9.00515,0.99721
-8.81602,0.99721
-8.68048,0.99732
-8.57818,0.99753
-8.3934,0.99764
-8.26417,0.99775
-8.11202,0.99797
-7.939,0.9984
-7.80383,0.99872
-7.68787,0.99872
-7.57487,0.99894
-7.38929,0.99927
-7.26236,0.9997
-7.16388,0.9998
-6.97536,1.00034
-6.85145,1.00046
-6.72332,1.001
-6.54438,1.00154
-6.42072,1.00219
-6.29802,1.00273
-6.15132,1.00317
-6.02668,1.00382
-5.89705,1.00447
-5.72724,1.00546
-5.6054,1.00622
-5.47935,1.00699
-5.3505,1.00798
-5.19358,1.00929
-5.06366,1.0105
-4.94437,1.01172
-4.76699,1.01382
-4.64859,1.01515
-4.51328,1.01727
-4.39647,1.01916
-4.27292,1.02129
-4.15501,1.02377
-3.96948,1.02796
-3.84824,1.03114
-3.72689,1.03446
-3.61085,1.03826
-3.43765,1.04465
-3.32304,1.04922
-3.20686,1.05442
-3.04984,1.06134
-2.92343,1.06737
-2.8131,1.07296
-2.63914,1.08072
-2.55414,1.08395
-2.43645,1.08769
-2.26637,1.09032
-2.1518,1.08933
-2.04689,1.08619
-1.91897,1.07985
-1.76576,1.06797
-1.63402,1.0537
-1.51534,1.03838
-1.33302,1.00973
-1.23068,0.99111
-1.08318,0.96813
-0.89559,0.93571
-0.77002,0.91719
-0.62411,0.89749
-0.41072,0.87539
-0.30545,0.86726
-0.15374,0.8606
-0.01877,0.85809
0.18791,0.86227
0.3135,0.86839
0.44748,0.8786
0.65238,0.90075
0.80807,0.91868
0.89813,0.93745
1.08967,0.96761
1.20789,0.98728
1.34551,1.0105
1.50316,1.03389
1.62445,1.05193
1.72529,1.06423
1.84992,1.07554
2.01428,1.08557
2.13646,1.08983
2.2494,1.09159
2.41388,1.0897
2.52215,1.0867
2.64132,1.08234
2.80477,1.07505
2.91562,1.06882
3.04392,1.0641
3.22523,1.05548
3.29594,1.05229
3.42666,1.04722
3.54794,1.0429
3.71812,1.03757
3.82915,1.03435
3.95634,1.03046
4.12112,1.02648
4.23378,1.02445
4.33841,1.02253
4.53583,1.01916
4.6561,1.0176
4.77094,1.01615
4.95347,1.01426
5.07605,1.01304
5.16253,1.01216
5.2901,1.01094
5.45445,1.00973
5.57211,1.00918
5.6952,1.00841
5.89651,1.00743
6.00843,1.00688
6.12909,1.00611
6.30553,1.00568
6.42734,1.00513
6.54289,1.00469
6.74101,1.00393
6.851,1.00382
6.97143,1.00338
7.09674,1.00305
7.28882,1.00262
7.39952,1.0024
7.51976,1.0023
7.71835,1.00186
7.83548,1.00175
7.94763,1.00165
8.12691,1.00153
8.24359,1.00099
8.36507,1.00088
8.53775,1.00099
8.68066,1.00088
8.78597,1.00088
8.95007,1.00067
9.07378,1.00077
9.19289,1.00056
9.30518,1.00056
9.499,1.00024
9.61211,1.00023
9.73564,1.00023
9.89857,1.00056
10.03948,1.00034
10.15344,1.00023
10.3301,1.00034
10.46608,1.00034
10.58412,1.00045
10.75467,1.00045
10.85286,1.00045
10.96785,1.00045
11.0904,1.00045
11.26052,1.00056
11.40024,1.00066
11.5137,1.0011
11.70661,1.00088
11.81682,1.00099
11.9376,1.0011
12.10906,1.0011
12.24028,1.00121
12.3523,1.00132
12.5335,1.00142
12.65249,1.00132
12.7617,1.00153
12.86955,1.00153
13.05867,1.00175
13.18503,1.00175
13.30895,1.00208
13.48572,1.00208
13.61095,1.00208
13.71502,1.00229
13.89935,1.00229
14.02329,1.00218
14.15516,1.00273
14.33007,1.0024
14.45832,1.00251
14.58015,1.00251
14.7092,1.00251
14.88361,1.00295
15.01676,1.00295
15.12639,1.00295
15.31472,1.00317
15.42354,1.00327
15.5639,1.00349
15.726,1.00349
15.85285,1.00349
15.98055,1.00371
16.15501,1.00371
16.27063,1.00392
16.39912,1.00392
16.51484,1.00371
16.67486,1.00371
16.78698,1.0036
16.91658,1.00371
17.09289,1.0036
17.22776,1.0036
17.34218,1.00392
17.52172,1.00403
17.63376,1.00414
17.76074,1.00447
17.92852,1.00447
18.0511,1.00425
18.16231,1.00447
18.30806,1.00436
18.48039,1.00436
18.56601,1.00469
18.69023,1.00491
18.87306,1.00469
18.98524,1.00491
19.11157,1.00502
19.28212,1.00524
19.405,1.00512
19.51645,1.00502
19.7167,1.00524
19.82061,1.00534
19.94772,1.00567
20.06433,1.00589
