-16.0764,0.99705
-15.99383,0.99705
-15.87527,0.99721
-15.78844,0.99737
-15.71886,0.99737
-15.59593,0.99721
-15.47859,0.99689
-15.38285,0.99672
-15.28096,0.99672
-15.19207,0.99672
-15.10689,0.99684
-14.99712,0.99689
-14.90937,0.99689
-14.8259,0.99721
-14.75434,0.99737
-14.62546,0.99742
-14.55158,0.99737
-14.46334,0.99737
-14.35188,0.99705
-14.2647,0.99721
-14.19707,0.99737
-14.08489,0.99737
-14.00625,0.99737
-13.92177,0.99705
-13.8019,0.99684
-13.7258,0.99705
-13.6485,0.99684
-13.52204,0.99689
-13.45358,0.99705
-13.35547,0.99705
-13.28855,0.99689
-13.16885,0.99689
-13.08923,0.99705
-13.00354,0.99705
-12.91912,0.99705
-12.83628,0.99705
-12.75314,0.99721
-12.6224,0.99705
-12.53835,0.997
-12.46189,0.99721
-12.35336,0.997
-12.27079,0.99705
-12.19489,0.99705
-12.10913,0.99737
-11.99484,0.99737
-11.90996,0.99754
-11.82939,0.99754
-11.71002,0.9977
-11.64625,0.99754
-11.56237,0.9977
-11.43985,0.9977
-11.35945,0.9977
-11.28419,0.99786
-11.14695,0.99786
-11.09355,0.99786
-11.00828,0.99786
-10.93037,0.99786
-10.80205,0.99786
-10.72854,0.99786
-10.64155,0.99786
-10.51169,0.99819
-10.43165,0.99819
-10.35591,0.99819
-10.22926,0.99835
-10.16075,0.99835
-10.07487,0.99835
-9.95487,0.99819
-9.87181,0.99835
-9.78827,0.99852
-9.71544,0.99852
-9.59291,0.99868
-9.51265,0.99884
-9.43269,0.99901
-9.31263,0.99884
-9.24039,0.99901
-9.17197,0.99901
-9.0482,0.99917
-8.96972,0.99917
-8.89314,0.99917
-8.76458,0.99955
-8.68493,0.99987
-8.60834,0.99966
-8.53907,0.99987
-8.41108,1.00004
-8.34222,0.99999
-8.24382,1.0002
-8.13708,1.00037
-8.04775,1.00053
-7.97696,1.00069
-7.85977,1.00086
-7.77945,1.00086
-7.71711,1.00086
-7.60016,1.00119
-7.51483,1.00119
-7.44469,1.00151
-7.36023,1.00168
-7.24046,1.00205
-7.15659,1.00222
-7.08469,1.00234
-6.9604,1.00255
-6.88008,1.00271
-6.79961,1.00308
-6.68279,1.00337
-6.61852,1.0037
-6.54433,1.00387
-6.42636,1.00441
-6.34508,1.0049
-6.26066,1.00523
-6.18617,1.00573
-6.06049,1.00644
-5.9861,1.0071
-5.91487,1.00727
-5.78437,1.0081
-5.69677,1.00859
-5.62748,1.00931
-5.50562,1.01014
-5.42336,1.01064
-5.31969,1.01148
-5.2113,1.0127
-5.1253,1.0132
-5.04925,1.01404
-4.97272,1.0151
-4.8549,1.01666
-4.76812,1.01751
-4.70649,1.01857
-4.58412,1.02027
-4.51165,1.0215
-4.42309,1.02287
-4.30453,1.02514
-4.21658,1.02708
-4.13721,1.02902
-4.04427,1.03132
-3.97901,1.03306
-3.89616,1.0352
-3.78805,1.0384
-3.70994,1.0413
-3.62418,1.04436
-3.54192,1.04726
-3.44006,1.05165
-3.35774,1.05549
-3.28443,1.05885
-3.17399,1.0648
-3.09318,1.06876
-3.01342,1.0731
-2.93697,1.07769
-2.84917,1.0827
-2.78513,1.08656
-2.66847,1.09342
-2.59704,1.09716
-2.51381,1.10154
-2.43694,1.10474
-2.34225,1.10835
-2.26934,1.10998
-2.19678,1.11058
-2.09148,1.10958
-2.01013,1.10676
-1.93667,1.10253
-1.83264,1.09381
-1.77683,1.08752
-1.69002,1.0775
-1.57831,1.05939
-1.50055,1.0449
-1.42055,1.02971
-1.3463,1.01392
-1.23428,0.98975
-1.15921,0.97168
-1.07252,0.95201
-0.93481,0.9235
-0.84448,0.906
-0.75554,0.88738
-0.62694,0.86615
-0.54248,0.85319
-0.43565,0.84065
-0.28208,0.82705
-0.21449,0.82305
-0.09937,0.81837
-0.00956,0.81696
0.13267,0.81915
0.2205,0.82305
0.31895,0.83003
0.45421,0.84271
0.56446,0.85605
0.63344,0.86765
0.77492,0.89111
0.85885,0.90673
0.94247,0.92482
1.05004,0.94765
1.13918,0.96726
1.21272,0.98374
1.31543,1.00391
1.42152,1.0285
1.50666,1.04543
1.57302,1.05844
1.68826,1.07577
1.75667,1.08598
1.83881,1.09498
1.94378,1.10332
2.01598,1.10735
2.08748,1.10955
2.20707,1.11078
2.24809,1.11058
2.32582,1.10915
2.40219,1.10672
2.51557,1.10213
2.58326,1.09892
2.65606,1.09498
2.76695,1.08851
2.83748,1.08461
2.90834,1.08057
3.0259,1.07347
3.09559,1.06947
3.17367,1.06554
3.29284,1.05994
3.36464,1.05662
3.4199,1.054
3.50557,1.05053
3.61276,1.04632
3.69173,1.04343
3.75622,1.04126
3.88197,1.0373
3.95529,1.03537
4.03898,1.03323
4.15155,1.03041
4.2421,1.02885
4.31525,1.02721
4.43933,1.02497
4.50007,1.0239
4.58109,1.02304
4.65415,1.0218
4.77884,1.02044
4.85503,1.01937
4.93338,1.01852
5.05648,1.01751
5.13926,1.01645
5.20796,1.0159
5.32515,1.01472
5.3979,1.01438
5.47653,1.01388
5.59863,1.01265
5.69119,1.01236
5.7621,1.01181
5.86156,1.01115
5.95489,1.01081
6.03137,1.01026
6.10525,1.00993
6.23407,1.00926
6.30316,1.0091
6.38133,1.00876
6.49004,1.00822
6.58277,1.00789
6.65632,1.00772
6.762,1.00739
6.85458,1.00706
6.93097,1.00689
7.04499,1.00672
7.10819,1.00656
7.18489,1.00623
7.25917,1.00606
7.37469,1.00589
7.46812,1.00573
7.54369,1.00552
7.66793,1.00519
7.73928,1.00502
7.82416,1.00502
7.9335,1.00464
8.01571,1.00452
8.09329,1.00415
8.20976,1.00398
8.287,1.00398
8.35837,1.00398
8.43428,1.00382
8.55224,1.00349
8.63827,1.00332
8.72355,1.00332
8.83257,1.00332
8.91646,1.00316
8.98541,1.00316
9.11069,1.00299
9.18629,1.00299
9.2758,1.00316
9.38764,1.00316
9.47841,1.00299
9.55947,1.00316
9.64741,1.00299
9.76592,1.00283
9.85519,1.00266
9.92444,1.00266
10.04274,1.0025
10.11862,1.00266
10.20568,1.00283
10.31772,1.00266
10.39926,1.00245
10.47449,1.0025
10.59524,1.00212
10.67767,1.00234
10.76165,1.00212
10.83486,1.00212
10.93693,1.00212
11.00917,1.00234
11.09895,1.00229
11.21771,1.00212
11.29933,1.00212
11.38171,1.00212
11.49979,1.00234
11.5666,1.00229
11.65824,1.00212
11.77269,1.00212
11.85368,1.00229
11.92543,1.0025
12.01652,1.00229
12.13038,1.00245
12.18581,1.00262
12.27119,1.00245
12.38688,1.00266
12.46629,1.00283
12.55229,1.00245
12.67061,1.00266
12.74569,1.00299
12.808,1.00316
12.94159,1.00278
13.01378,1.00316
13.10415,1.00295
13.19001,1.00278
13.31188,1.00229
13.38864,1.00212
13.45421,1.00212
13.56745,1.00234
13.64745,1.00229
13.72083,1.00266
13.85494,1.0025
13.92731,1.00266
14.00684,1.00283
14.1237,1.00278
14.19712,1.00316
14.27209,1.00299
14.36456,1.00299
14.48374,1.00283
14.56783,1.00278
14.63329,1.00299
14.78641,1.00262
14.85973,1.00283
14.93981,1.00299
15.07127,1.00278
15.1588,1.00278
15.23336,1.00278
15.35781,1.00245
15.42795,1.00245
15.51382,1.00245
15.62543,1.00283
15.71635,1.00299
15.78662,1.00278
15.86809,1.00262
15.98056,1.00245
16.06503,1.00245
