-20.0235,0.99725
-19.92362,0.99698
-19.86247,0.99711
-19.70355,0.99725
-19.59103,0.99739
-19.50272,0.99725
-19.34715,0.99725
-19.26404,0.99725
-19.16156,0.99725
-19.07275,0.99698
-18.93447,0.99698
-18.8325,0.99698
-18.75463,0.9967
-18.60256,0.9967
-18.45944,0.99657
-18.35702,0.99657
-18.24132,0.99657
-18.12266,0.99657
-18.04013,0.99643
-17.8919,0.99657
-17.7903,0.9967
-17.69393,0.99657
-17.61128,0.99657
-17.46113,0.99657
-17.36306,0.9967
-17.2566,0.99684
-17.13503,0.99684
-17.02242,0.9967
-16.95528,0.99684
-16.82018,0.9967
-16.71158,0.9967
-16.60264,0.99684
-16.46767,0.99698
-16.36633,0.99698
-16.27134,0.99711
-16.13,0.99725
-16.04232,0.99725
-15.94023,0.99711
-15.85498,0.99725
-15.70028,0.99725
-15.60162,0.99725
-15.50646,0.99698
-15.40834,0.99698
-15.30813,0.99698
-15.21239,0.99684
-15.05667,0.99684
-14.96557,0.99698
-14.86342,0.99698
-14.72529,0.99698
-14.62589,0.99698
-14.54391,0.99698
-14.43656,0.99698
-14.30048,0.99698
-14.19766,0.99698
-14.1065,0.99698
-13.97428,0.99698
-13.88432,0.99698
-13.78226,0.99698
-13.64475,0.99711
-13.55244,0.99698
-13.45063,0.99725
-13.30028,0.99739
-13.22474,0.99739
-13.12139,0.99739
-13.02269,0.99752
-12.87269,0.99752
-12.7817,0.99752
-12.6844,0.99752
-12.54088,0.99752
-12.43702,0.99752
-12.33781,0.99752
-12.19195,0.99752
-12.1075,0.99752
-12.00937,0.99766
-11.86968,0.99774
-11.76315,0.99766
-11.68052,0.99766
-11.58093,0.99766
-11.43382,0.99766
-11.3351,0.99752
-11.24254,0.99752
-11.09672,0.99766
-11.02146,0.99766
-10.93569,0.99766
-10.78753,0.99766
-10.68568,0.99793
-10.60282,0.99801
-10.45422,0.99828
-10.35969,0.99807
-10.25459,0.99869
-10.16818,0.99869
-10.02166,0.99828
-9.9497,0.99793
-9.84745,0.99787
-9.70435,0.9978
-9.60001,0.99807
-9.4983,0.99842
-9.38136,0.99842
-9.29302,0.99869
-9.2072,0.99883
-9.06287,0.99973
-8.95456,1
-8.87236,1.00041
-8.77038,1.00055
-8.6321,1.00083
-8.52801,1.00083
-8.4442,1.00096
-8.28875,1.00132
-8.19434,1.00159
-8.10025,1.00173
-7.95909,1.00187
-7.8762,1.00214
-7.79609,1.00228
-7.64285,1.00242
-7.54454,1.00255
-7.45555,1.00269
-7.36238,1.00297
-7.19991,1.00324
-7.11486,1.0036
-7.02552,1.00366
-6.87661,1.00415
-6.77765,1.00429
-6.6941,1.00456
-6.54115,1.00498
-6.44504,1.00526
-6.32369,1.00553
-6.18747,1.00609
-6.09047,1.00672
-5.99876,1.007
-5.92054,1.00728
-5.76525,1.00783
-5.67644,1.00846
-5.58402,1.00902
-5.44289,1.00994
-5.3434,1.0105
-5.24534,1.01091
-5.10702,1.01176
-5.00528,1.01281
-4.92776,1.01359
-4.81478,1.01458
-4.72284,1.01557
-4.62299,1.01642
-4.48758,1.01827
-4.37621,1.01962
-4.28294,1.0209
-4.18583,1.02233
-4.05987,1.02449
-3.95729,1.02636
-3.86349,1.02838
-3.72537,1.0315
-3.62857,1.03406
-3.53735,1.03647
-3.44425,1.03956
-3.34838,1.0426
-3.26314,1.04572
-3.10508,1.05127
-3.02095,1.05474
-2.92398,1.05885
-2.83495,1.06267
-2.70624,1.06792
-2.61919,1.07164
-2.52613,1.07485
-2.4047,1.07855
-2.29969,1.08139
-2.20463,1.08234
-2.07145,1.08257
-2.00251,1.08139
-1.91853,1.07855
-1.78129,1.07157
-1.68661,1.06483
-1.60121,1.05778
-1.50613,1.04789
-1.37741,1.03194
-1.2866,1.02033
-1.18339,1.00553
-1.03925,0.98492
-0.94705,0.97234
-0.84136,0.95804
-0.69278,0.93948
-0.585,0.927
-0.48279,0.91733
-0.31969,0.90525
-0.22927,0.9007
-0.1271,0.89747
-0.01906,0.89575
0.14201,0.8977
0.24561,0.90101
0.34518,0.90658
0.50186,0.91826
0.62153,0.93002
0.71966,0.93984
0.85857,0.95862
0.95002,0.97088
1.05939,0.98585
1.17693,1.00415
1.26802,1.01656
1.35302,1.02802
1.46807,1.04186
1.59979,1.0555
1.68467,1.06468
1.78655,1.0718
1.91133,1.07823
1.99767,1.08123
2.09597,1.08234
2.22008,1.08234
2.30911,1.08139
2.38209,1.0795
2.54074,1.07501
2.59427,1.0729
2.69699,1.06878
2.7854,1.06499
2.91265,1.05992
2.99879,1.05611
3.10413,1.05202
3.23737,1.04737
3.31313,1.04461
3.40214,1.04149
3.55696,1.03691
3.63985,1.03435
3.74405,1.03223
3.8912,1.02896
3.97834,1.02693
4.04887,1.02578
4.14435,1.02413
4.27643,1.02219
4.36812,1.0209
4.45837,1.01969
4.6118,1.01777
4.69355,1.01684
4.79724,1.01599
4.93545,1.01464
5.02983,1.01408
5.12112,1.01352
5.26791,1.01253
5.35922,1.0119
5.44992,1.01147
5.54474,1.0107
5.69326,1.01
5.78485,1.00951
5.886,1.00909
6.03144,1.00867
6.12823,1.00825
6.21716,1.00797
6.36028,1.00755
6.44435,1.00706
6.53913,1.00678
6.67754,1.00664
6.78974,1.00623
6.88014,1.00609
6.9985,1.00595
7.09692,1.00546
7.1968,1.00532
7.28193,1.00532
7.43675,1.00504
7.51993,1.00476
7.61433,1.00476
7.74847,1.00463
7.86195,1.00449
7.94117,1.00449
8.07958,1.00421
8.19129,1.00407
8.2873,1.00393
8.42111,1.0038
8.49773,1.0038
8.58366,1.0038
8.67494,1.00393
8.81556,1.00358
8.92436,1.00366
9.01372,1.00344
9.16123,1.00366
9.25343,1.00344
9.34964,1.00317
9.482,1.00303
9.58654,1.00289
9.67429,1.00289
9.81913,1.00289
9.89871,1.00275
9.99084,1.00262
10.07966,1.00275
10.22101,1.00248
10.31843,1.00262
10.41628,1.00262
10.54947,1.00262
10.65311,1.00262
10.73419,1.00248
10.88204,1.00248
10.96628,1.00248
11.07646,1.00248
11.21228,1.00248
11.31239,1.00234
11.40865,1.00248
11.52017,1.00234
11.6552,1.0022
11.76224,1.00234
11.84869,1.0022
11.99675,1.00206
12.08397,1.0022
12.19579,1.0022
12.32875,1.00234
12.42922,1.00199
12.52176,1.00199
12.66494,1.0022
12.75532,1.0022
12.85665,1.00234
12.95394,1.00234
13.06665,1.00234
13.15647,1.00234
13.26806,1.00234
13.40052,1.0022
13.51199,1.00212
13.59756,1.00212
13.74277,1.0022
13.82596,1.0022
13.92665,1.00234
14.06213,1.00226
14.16011,1.00212
14.2505,1.00206
14.36119,1.0022
14.50031,1.0022
14.56099,1.00199
14.6639,1.00191
14.8099,1.00212
14.90008,1.00234
15.00235,1.00248
15.13581,1.00248
15.22634,1.00248
15.31458,1.00226
15.47413,1.00226
15.56717,1.00234
15.66032,1.00262
15.75327,1.00262
15.89289,1.00262
15.997,1.00323
16.07054,1.00331
16.20663,1.00309
16.3116,1.00317
16.38982,1.00344
16.55019,1.00331
16.63533,1.00317
16.72853,1.00331
16.87758,1.00317
16.96907,1.00317
17.0605,1.00317
17.16398,1.00317
17.29957,1.00331
17.39163,1.00344
17.4931,1.00331
17.66566,1.00309
17.75374,1.00303
17.84234,1.00317
18.00519,1.00289
18.09288,1.00344
18.18243,1.00331
18.32308,1.00317
18.41149,1.00344
18.50796,1.00344
18.63609,1.00386
18.74163,1.00413
18.82936,1.004
18.91385,1.00386
19.05588,1.00386
19.14861,1.00386
19.2288,1.00413
19.3792,1.00427
19.4734,1.00413
19.57486,1.00413
19.70388,1.004
19.81668,1.00358
19.8985,1.00372
20.04748,1.00372
