-14.02797,0.99773
-13.94438,0.99773
-13.85511,0.99773
-13.74599,0.99757
-13.66111,0.99757
-13.57733,0.99741
-13.46031,0.99719
-13.38661,0.99708
-13.29939,0.99671
-13.22234,0.99671
-13.10307,0.99671
-13.02418,0.99687
-12.93466,0.99708
-12.8567,0.99692
-12.77478,0.99655
-12.68659,0.99724
-12.5598,0.99692
-12.47901,0.99671
-12.39515,0.99692
-12.28087,0.99708
-12.19811,0.99692
-12.12507,0.99708
-12.03916,0.99724
-11.92532,0.99724
-11.8388,0.99724
-11.75563,0.99741
-11.64966,0.99719
-11.56998,0.99741
-11.48864,0.99741
-11.36668,0.99741
-11.2901,0.99741
-11.20782,0.99741
-11.08607,0.99741
-11.02098,0.99741
-10.93468,0.99741
-10.85571,0.99724
-10.72645,0.99671
-10.6473,0.99671
-10.56707,0.99655
-10.4454,0.99655
-10.35582,0.99655
-10.28159,0.99671
-10.15154,0.99724
-10.08448,0.99741
-9.99737,0.99789
-9.87822,0.99838
-9.79198,0.9987
-9.71708,0.99886
-9.62983,0.99903
-9.50476,0.9994
-9.4189,0.99951
-9.34149,0.99988
-9.21721,1.00021
-9.15193,1.00053
-9.07763,1.00053
-8.95724,1.0007
-8.87373,1.00119
-8.79589,1.00119
-8.66935,1.00151
-8.59062,1.00168
-8.51142,1.00221
-8.43688,1.00254
-8.30652,1.00303
-8.23829,1.00357
-8.15415,1.00368
-8.03765,1.00422
-7.95033,1.00438
-7.8754,1.00488
-7.77089,1.0052
-7.68914,1.00553
-7.62179,1.00586
-7.49824,1.00635
-7.42375,1.0069
-7.34299,1.00723
-7.25505,1.00756
-7.14274,1.00821
-7.05914,1.00876
-6.98475,1.00925
-6.87116,1.00959
-6.78912,1.01025
-6.70776,1.01075
-6.59368,1.01162
-6.52535,1.01195
-6.45947,1.01245
-6.34076,1.01317
-6.25804,1.01367
-6.16993,1.01433
-6.09628,1.015
-5.96729,1.01605
-5.88314,1.01672
-5.81775,1.01744
-5.6961,1.0184
-5.60964,1.01929
-5.54043,1.01997
-5.41886,1.02137
-5.34027,1.02221
-5.23449,1.0234
-5.12051,1.02481
-5.03659,1.02604
-4.95529,1.02729
-4.88714,1.02814
-4.77079,1.02986
-4.68174,1.03128
-4.61979,1.03249
-4.49588,1.03461
-4.41557,1.03643
-4.33223,1.03818
-4.22535,1.0405
-4.1421,1.04265
-4.06634,1.04423
-3.97328,1.04711
-3.89617,1.0495
-3.81397,1.05223
-3.70222,1.05586
-3.61987,1.0588
-3.5417,1.06215
-3.4611,1.06548
-3.3658,1.06976
-3.27162,1.07392
-3.2015,1.07751
-3.08889,1.08343
-3.02081,1.08731
-2.934,1.09217
-2.85715,1.09668
-2.78458,1.10103
-2.70864,1.10495
-2.58251,1.11178
-2.51636,1.11541
-2.43758,1.11909
-2.36654,1.12192
-2.26806,1.12523
-2.19843,1.12707
-2.12196,1.12812
-2.0334,1.12751
-1.9426,1.12503
-1.86652,1.12111
-1.75028,1.11241
-1.70625,1.10755
-1.61821,1.09765
-1.51148,1.08267
-1.42997,1.06976
-1.36361,1.05807
-1.27693,1.04225
-1.17801,1.02328
-1.09348,1.0069
-1.01806,0.99163
-0.88361,0.96814
-0.80657,0.95495
-0.71413,0.93962
-0.57895,0.921
-0.49787,0.90994
-0.40372,0.90011
-0.27059,0.8891
-0.19426,0.88471
-0.08852,0.88088
-0.00881,0.8798
0.13603,0.8819
0.22031,0.8858
0.30385,0.89099
0.44354,0.90383
0.53623,0.91387
0.61308,0.92515
0.74457,0.94379
0.81623,0.9562
0.91462,0.973
1.01256,0.99099
1.10304,1.00657
1.16328,1.0212
1.26165,1.03748
1.37532,1.05695
1.443,1.06958
1.52423,1.08248
1.6364,1.09921
1.70464,1.10795
1.77905,1.11581
1.8832,1.12398
1.95568,1.12789
2.02831,1.13041
2.15037,1.13141
2.19646,1.13123
2.27448,1.12915
2.33804,1.12666
2.44612,1.12051
2.51665,1.11684
2.59927,1.11258
2.71046,1.10696
2.77699,1.10295
2.84125,1.09921
2.95859,1.09232
3.03195,1.08868
3.10069,1.08438
3.22301,1.07826
3.29724,1.07467
3.35823,1.0718
3.4325,1.06861
3.54337,1.06416
3.62169,1.0612
3.69021,1.0584
3.81623,1.0542
3.88956,1.05201
3.96171,1.04978
4.07392,1.04711
4.14921,1.04512
4.22319,1.04335
4.35046,1.04045
4.4269,1.03883
4.49707,1.03705
4.58576,1.03583
4.71297,1.03353
4.77655,1.03262
4.854,1.03141
4.97921,1.02969
5.05985,1.02844
5.13203,1.02775
5.25146,1.02639
5.32264,1.02532
5.3978,1.02442
5.51186,1.02302
5.60106,1.02234
5.68309,1.02166
5.77688,1.02098
5.85917,1.01992
5.94854,1.01942
6.02488,1.01874
6.1464,1.01769
6.22159,1.01718
6.29804,1.01685
6.40513,1.01601
6.49419,1.01551
6.56207,1.01496
6.67518,1.01412
6.77099,1.01341
6.84942,1.01308
6.96256,1.01241
7.02009,1.01224
7.10142,1.01191
7.1769,1.01141
7.29519,1.01075
7.38552,1.01037
7.45956,1.00987
7.58667,1.00937
7.66203,1.00904
7.74236,1.00888
7.85353,1.00817
7.94294,1.00784
8.02257,1.00784
8.1388,1.00718
8.21811,1.00718
8.29178,1.00669
8.36674,1.00652
8.48614,1.00603
8.57236,1.00586
8.65531,1.0057
8.76095,1.00565
8.85126,1.00528
8.91967,1.00511
9.03986,1.00499
9.11635,1.00446
9.20618,1.0045
9.32335,1.00413
9.40886,1.00396
9.48392,1.00396
9.57715,1.00396
9.68824,1.00396
9.7753,1.0038
9.84625,1.00396
9.97228,1.0038
10.0396,1.00364
10.13631,1.00331
10.24937,1.00277
10.3362,1.00249
10.41819,1.00212
10.53936,1.00195
10.61461,1.00195
10.70012,1.00216
10.77884,1.00195
10.88235,1.00195
10.95423,1.00195
11.04621,1.00233
11.15959,1.00261
11.24652,1.00298
11.32609,1.00298
11.45233,1.00261
11.51736,1.00282
11.60561,1.00314
11.71489,1.00298
11.79922,1.00261
11.87292,1.00298
11.96075,1.00298
12.08124,1.00277
12.13494,1.00277
12.22277,1.00277
12.34506,1.00282
12.42297,1.00282
12.50157,1.00298
12.62134,1.00282
12.70207,1.00298
12.77079,1.00293
12.89649,1.00314
12.98151,1.00298
13.06337,1.00314
13.14008,1.0031
13.25907,1.0031
13.33739,1.00331
13.40679,1.00347
13.52196,1.00347
13.60738,1.00298
13.68721,1.00282
13.81119,1.00298
13.88519,1.00314
13.96433,1.0031
14.08166,1.00314
