-17.6689,0.99472
-17.52806,0.99501
-17.29431,0.99559
-17.16422,0.99542
-17.03423,0.99559
-16.80942,0.99577
-16.64661,0.99588
-16.51476,0.99595
-16.27985,0.99606
-16.13761,0.99612
-15.97685,0.99629
-15.85161,0.99612
-15.61328,0.99641
-15.49246,0.9967
-15.32104,0.9967
-15.10208,0.99676
-14.94629,0.99688
-14.81996,0.99688
-14.62376,0.99705
-14.46677,0.99705
-14.31818,0.99728
-14.10424,0.99734
-13.94837,0.9974
-13.82484,0.99734
-13.66472,0.99734
-13.44456,0.99751
-13.288,0.99763
-13.14952,0.99758
-12.91998,0.99781
-12.77065,0.99798
-12.62145,0.99769
-12.40622,0.99769
-12.27377,0.99787
-12.14889,0.99798
-11.92042,0.99798
-11.76952,0.99798
-11.6091,0.99798
-11.46998,0.99816
-11.23371,0.99816
-11.0964,0.99816
-10.96287,0.99833
-10.74032,0.99833
-10.57808,0.99851
-10.44857,0.99816
-10.21783,0.99869
-10.06545,0.9988
-9.87514,0.99898
-9.66602,0.99909
-9.50992,0.99915
-9.3578,0.99933
-9.2248,0.99962
-8.99845,0.99997
-8.84113,1.00038
-8.72375,1.00062
-8.49239,1.0012
-8.34104,1.00127
-8.18663,1.00174
-7.96755,1.00227
-7.80944,1.00274
-7.66134,1.00321
-7.48061,1.00374
-7.33688,1.00433
-7.17872,1.00515
-6.96992,1.00587
-6.81078,1.00652
-6.67427,1.00717
-6.51058,1.00782
-6.31016,1.00877
-6.16141,1.00961
-6.01357,1.01062
-5.78998,1.01217
-5.65538,1.01307
-5.47747,1.01421
-5.3285,1.01566
-5.17415,1.01692
-5.02676,1.01855
-4.7945,1.02139
-4.65912,1.02328
-4.50776,1.02541
-4.37766,1.0278
-4.19791,1.03156
-4.02978,1.03515
-3.87513,1.03926
-3.67999,1.04516
-3.53578,1.05042
-3.37575,1.05644
-3.16405,1.06556
-3.07405,1.07008
-2.926,1.07827
-2.70229,1.08845
-2.56046,1.09472
-2.43568,1.09998
-2.27095,1.1042
-2.08585,1.10593
-1.94504,1.10432
-1.81358,1.09956
-1.60066,1.08697
-1.46819,1.0768
-1.32386,1.06076
-1.10944,1.03751
-0.95057,1.01958
-0.81507,1.00345
-0.56307,0.97941
-0.43542,0.9703
-0.28313,0.96096
-0.11692,0.95571
0.10726,0.95528
0.24893,0.95964
0.39682,0.96663
0.63794,0.98561
0.79916,1.00068
0.91511,1.01589
1.13697,1.04002
1.27093,1.05573
1.42303,1.07212
1.59911,1.0878
1.73534,1.09718
1.87891,1.10398
2.03167,1.10725
2.23593,1.10682
2.37697,1.10344
2.50188,1.09898
2.70036,1.09036
2.83112,1.08381
2.98402,1.0768
3.17627,1.0674
3.32403,1.06088
3.46377,1.05549
3.68046,1.04763
3.78227,1.04454
3.926,1.04025
4.08324,1.03682
4.29677,1.03231
4.42818,1.0299
4.57589,1.02719
4.7866,1.02432
4.93341,1.02261
5.06287,1.02109
5.30073,1.01891
5.4459,1.01765
5.58513,1.01662
5.81341,1.01498
5.97536,1.01386
6.06788,1.01332
6.22819,1.01248
6.42228,1.01128
6.59368,1.01051
6.73084,1.00997
6.97333,1.00902
7.08918,1.00866
7.26328,1.00789
7.47092,1.00741
7.62869,1.00681
7.7602,1.0064
8.00335,1.00592
8.13435,1.00563
8.29274,1.00533
8.41634,1.00504
8.65864,1.00457
8.79476,1.00427
8.93854,1.00392
9.16825,1.00374
9.31666,1.00345
9.45497,1.00333
9.67282,1.00327
9.81644,1.00315
9.95975,1.00298
10.1803,1.0028
10.34538,1.0028
10.48624,1.00262
10.6736,1.0028
10.83321,1.0028
10.98402,1.00233
11.11846,1.00251
11.35813,1.00251
11.48624,1.00251
11.63793,1.00233
11.8457,1.00262
12.0148,1.00251
12.15005,1.00262
12.3523,1.00251
12.53613,1.00256
12.68226,1.00233
12.88995,1.00233
13.00843,1.00198
13.13652,1.00198
13.29052,1.00198
13.51091,1.00198
13.67012,1.00198
13.81443,1.00186
14.04437,1.00198
14.17117,1.00215
14.33232,1.00198
14.53243,1.00198
14.69242,1.0018
14.8334,1.00186
15.05624,1.00174
15.20363,1.0018
15.3297,1.00168
15.4719,1.00151
15.6892,1.00139
15.8486,1.00144
16.01419,1.00139
16.21185,1.00139
16.3818,1.00139
16.49955,1.00121
16.72967,1.0011
16.8699,1.00086
17.04782,1.00039
17.2585,1.00028
17.42116,0.99992
17.56597,0.99975
17.732,0.99992
17.93789,0.99939
18.10842,0.99881
18.24716,0.99864
18.46052,0.99834
18.60765,0.99828
18.76967,0.99834
18.96916,0.99799
19.14198,0.99811
