20.06952,1.00279
19.76595,1.00279
19.56366,1.00305
19.39599,1.00236
19.27216,1.00207
18.91762,1.00231
18.82798,1.00124
18.63918,1.00109
18.32263,1.00109
18.10127,1.00164
17.97017,1.00179
17.70019,1.0015
17.51949,1.00107
17.3863,1.00066
17.10186,1.00109
16.86125,1.00188
16.77313,1.00134
16.54537,1.00162
16.24998,1.00203
16.06004,1.00174
15.90511,1.00174
15.58032,1.00174
15.40883,1.00174
15.2142,1.00201
14.97609,1.00174
14.78827,1.00186
14.68873,1.00174
14.37867,1.00186
14.18437,1.00227
13.97607,1.00201
13.80739,1.00213
13.50987,1.0017
13.35195,1.00115
13.23248,1.00062
12.91617,1.00155
12.69676,1.00196
12.57093,1.00196
12.25725,1.00196
12.08456,1.0022
11.81975,1.0022
11.58714,1.00247
11.37261,1.00287
11.18404,1.00302
11.0272,1.00302
10.75864,1.00312
10.53868,1.00312
10.43067,1.00298
10.11516,1.00336
9.9613,1.00338
9.73046,1.00377
9.46554,1.00391
9.26006,1.00418
9.08421,1.0043
8.87631,1.00511
8.68894,1.00511
8.47801,1.00523
8.26178,1.00562
8.05391,1.00562
7.86843,1.0056
7.60965,1.00781
7.3978,1.00875
7.17162,1.00931
6.9993,1.01025
6.71895,1.01164
6.57924,1.01232
6.36097,1.0145
6.22509,1.01604
5.98915,1.01782
5.81181,1.0199
5.51323,1.02342
5.35518,1.02596
5.12574,1.02978
4.96387,1.03335
4.75388,1.0381
4.56328,1.04389
4.34013,1.05166
4.16259,1.05877
3.92397,1.06958
3.77665,1.07798
3.48049,1.09601
3.35739,1.10491
3.18923,1.11799
2.92849,1.13862
2.73509,1.15298
2.63269,1.163
2.4191,1.17568
2.2561,1.18377
2.06419,1.18958
1.89895,1.189
1.62224,1.17757
1.46744,1.16536
1.26014,1.14587
1.02926,1.11737
0.86728,1.09757
0.71008,1.07977
0.36773,1.05331
0.30866,1.04814
0.07837,1.04008
-0.07923,1.04227
-0.40172,1.05465
-0.51684,1.06346
-0.71577,1.08071
-0.99386,1.11284
-1.1792,1.13615
-1.34341,1.15363
-1.5666,1.17475
-1.6953,1.18336
-1.89926,1.1905
-2.09667,1.19061
-2.24974,1.18583
-2.36186,1.18245
-2.59533,1.1661
-2.84332,1.14862
-3.02886,1.133
-3.18923,1.11947
-3.44362,1.09942
-3.57354,1.09089
-3.75974,1.08048
-3.9944,1.06586
-4.1941,1.05805
-4.32266,1.05197
-4.64731,1.04189
-4.73717,1.0381
-4.96774,1.03265
-5.13093,1.02927
-5.41234,1.02428
-5.55198,1.02204
-5.75947,1.01909
-6.01259,1.01633
-6.1898,1.01535
-6.33007,1.01382
-6.68424,1.01147
-6.83075,1.00982
-7.02478,1.00859
-7.33175,1.0068
-7.51782,1.00666
-7.60894,1.00642
-7.84008,1.00546
-8.05846,1.00464
-8.2369,1.00437
-8.38911,1.00382
-8.7432,1.00303
-8.89097,1.00289
-9.09908,1.00262
-9.37312,1.00193
-9.54811,1.00183
-9.70405,1.00169
-10.02764,1.00047
-10.16785,1.00049
-10.3493,1.00061
-10.52618,1.00049
-10.87337,1.00011
-11.01051,0.9993
-11.2173,0.99889
-11.50646,0.99932
-11.69139,0.99917
-11.85536,0.99851
-12.14239,0.9981
-12.30056,0.99838
-12.49338,0.99798
-12.72957,0.99893
-12.97448,0.99922
-13.12118,0.99924
-13.36055,0.99883
-13.57862,0.99938
-13.77551,0.99883
-13.91557,0.99914
-14.22631,0.99995
-14.36986,0.99926
-14.58213,0.99817
-14.7931,0.99831
-15.05285,0.99885
-15.18475,0.99955
-15.42898,0.99857
-15.6742,0.99942
-15.88593,0.99861
-16.09746,0.99902
-16.27995,0.99835
-16.45703,0.99833
-16.62398,0.99821
-16.86912,0.99861
-17.11852,0.99861
-17.24634,0.9989
-17.58178,0.99835
-17.74894,0.99876
-17.91135,0.99863
-18.1531,0.99918
-18.38582,0.99961
-18.53686,0.9992
-18.81767,0.9992
-18.92597,0.99949
-19.17143,0.9992
-19.32901,0.99949
-19.57456,1.00004
-19.8292,1.00018
-20.00593,1.00102
