19.85687,1.00323
19.656,1.00273
19.47932,1.00285
19.21213,1.00209
18.91737,1.00222
18.8313,1.00171
18.55829,1.00146
18.27555,1.00133
18.03315,1.00133
17.86878,1.00095
17.52003,1.0007
17.30226,1.00045
17.1074,1.0007
16.81416,1.00146
16.61147,1.00171
16.45653,1.00133
16.11512,1.00133
15.90704,1.00057
15.65155,1.00158
15.49688,1.00158
15.12928,1.00171
14.94401,1.00171
14.8145,1.00146
14.48796,1.00107
14.21888,1.0007
14.09422,1.0007
13.74659,1.00095
13.54309,1.00095
13.24634,1.00133
12.99401,1.00133
12.73649,1.0012
12.53453,1.0012
12.35136,1.00132
12.03448,1.00145
11.7958,1.00183
11.67549,1.00183
11.32933,1.00195
11.11223,1.00195
10.8741,1.00208
10.60179,1.00233
10.35453,1.00258
10.15467,1.00284
9.93032,1.00284
9.72708,1.00322
9.47333,1.00347
9.23022,1.00385
8.99282,1.00423
8.7849,1.00448
8.53721,1.00499
8.28604,1.00562
8.04362,1.00625
7.83669,1.00702
7.52079,1.00791
7.35165,1.00867
7.11919,1.00969
6.93606,1.01045
6.69346,1.01186
6.49652,1.01301
6.12008,1.01635
5.96615,1.01828
5.71642,1.02113
5.52353,1.02386
5.30561,1.02791
5.09271,1.03237
4.84353,1.03793
4.60512,1.04555
4.36155,1.05488
4.17385,1.06256
3.85141,1.08041
3.72262,1.08866
3.50683,1.10529
3.18816,1.13002
3.01989,1.14594
2.87128,1.15813
2.63892,1.17885
2.4346,1.19434
2.2473,1.20834
2.06779,1.21728
1.75167,1.22044
1.61628,1.2175
1.38065,1.20663
1.10446,1.1857
0.9229,1.17046
0.75029,1.15556
0.41804,1.13271
0.28909,1.12725
0.10345,1.12214
-0.0859,1.1217
-0.43382,1.13135
-0.55205,1.13992
-0.77101,1.15638
-1.06577,1.18083
-1.28244,1.19776
-1.41253,1.208
-1.67707,1.21958
-1.82982,1.22134
-2.03112,1.21849
-2.26253,1.20837
-2.44713,1.1957
-2.58511,1.18258
-2.85725,1.15955
-3.09139,1.13873
-3.316,1.11996
-3.5068,1.10414
-3.81032,1.08326
-3.93112,1.07437
-4.16515,1.06203
-4.44287,1.04947
-4.64454,1.04314
-4.79799,1.0378
-5.16772,1.0283
-5.28359,1.02621
-5.51693,1.02139
-5.72933,1.01802
-6.03843,1.01429
-6.20499,1.01262
-6.43967,1.01083
-6.72183,1.00853
-6.91765,1.00726
-7.08265,1.00625
-7.46913,1.0046
-7.63577,1.00409
-7.86539,1.00333
-8.20824,1.0022
-8.42527,1.00195
-8.53236,1.00157
-8.78111,1.00132
-9.04946,1.00081
-9.26078,1.00056
-9.42045,1.00018
-9.81996,0.99993
-9.98358,0.99968
-10.21728,0.99968
-10.51702,0.9993
-10.72178,0.9993
-10.90596,0.99918
-11.26326,0.9988
-11.44192,0.9988
-11.64248,0.99868
-11.82486,0.99842
-12.21147,0.99843
-12.38457,0.99843
-12.60942,0.99818
-12.9626,0.99805
-13.16462,0.99805
-13.33046,0.99805
-13.67321,0.99805
-13.84254,0.99818
-14.04418,0.9983
-14.31436,0.99818
-14.6094,0.9983
-14.76345,0.99855
-15.02758,0.9983
-15.28299,0.99856
-15.50212,0.99856
-15.67003,0.99856
-16.0121,0.99856
-16.19073,0.99831
-16.39754,0.99868
-16.64218,0.99893
-16.92064,0.99906
-17.0814,0.99919
-17.35507,0.99919
-17.64131,0.99931
-17.85659,0.99919
-18.12489,0.99969
-18.31114,0.99982
-18.4761,0.99994
-18.68139,1.0002
-18.96366,1.00007
-19.24293,1.0007
-19.40313,1.00083
-19.73512,1.00159
