20.00069,1.00267
19.77812,1.00266
19.61089,1.00241
19.31414,1.00215
19.10205,1.00241
18.94861,1.00189
18.64565,1.00201
18.3993,1.00188
18.2974,1.0015
18.03453,1.00188
17.74311,1.0015
17.51079,1.00175
17.34677,1.00123
17.00794,1.00123
16.83315,1.00084
16.64331,1.00071
16.37397,1.00084
16.17032,1.00084
16.0386,1.00096
15.72061,1.00083
15.52146,1.0007
15.27327,1.0007
15.11843,1.00058
14.7684,1.0007
14.58875,1.00044
14.46366,1.00057
14.13144,1.00018
13.87784,1.00005
13.76351,0.99992
13.42174,0.99992
13.21833,0.99979
12.93555,0.99979
12.68446,0.9994
12.44334,0.99965
12.23502,0.99978
12.07021,1.00003
11.76957,0.99979
11.53345,0.9999
11.43026,0.99977
11.08799,1.00015
10.89721,0.99989
10.65693,1.0004
10.38608,1.0004
10.15544,1.00092
9.9545,1.00105
9.73665,1.00144
9.54433,1.00195
9.28187,1.00195
9.05075,1.00246
8.81966,1.0031
8.60957,1.00388
8.38455,1.00452
8.15125,1.00504
7.91063,1.00595
7.71588,1.00686
7.4055,1.00841
7.26238,1.00945
7.02837,1.01088
6.86632,1.01193
6.62679,1.01336
6.43939,1.0156
6.0884,1.01915
5.90699,1.0214
5.68729,1.02418
5.49375,1.02712
5.23831,1.03196
5.03862,1.03615
4.82191,1.04228
4.60475,1.04833
4.35652,1.05696
4.18751,1.06385
3.86003,1.08072
3.7556,1.08611
3.50893,1.1016
3.24333,1.11912
3.04763,1.13114
2.90376,1.1407
2.69494,1.15435
2.49376,1.1624
2.3021,1.16786
2.10866,1.16683
1.80543,1.15474
1.65646,1.14468
1.41901,1.12197
1.14099,1.08938
0.94766,1.06714
0.76933,1.04562
0.4249,1.0184
0.32667,1.01091
0.08502,1.00365
-0.10825,1.00365
-0.43245,1.01748
-0.58236,1.02932
-0.80593,1.05061
-1.11634,1.08473
-1.31325,1.11227
-1.47973,1.12899
-1.7556,1.15433
-1.88554,1.16228
-2.14066,1.171
-2.34051,1.16876
-2.5001,1.16456
-2.65212,1.15729
-2.89718,1.14263
-3.14077,1.12607
-3.35737,1.11123
-3.52681,1.09911
-3.82247,1.08278
-3.98729,1.07411
-4.1845,1.06401
-4.43318,1.05376
-4.62856,1.04766
-4.79606,1.0427
-5.17485,1.03372
-5.2639,1.0317
-5.51644,1.02714
-5.68669,1.02393
-5.98735,1.01995
-6.16559,1.01783
-6.38352,1.01533
-6.61964,1.01336
-6.81596,1.01271
-6.97669,1.01115
-7.35125,1.00853
-7.53274,1.00763
-7.71879,1.00684
-8.07017,1.0058
-8.25331,1.00568
-8.37992,1.00516
-8.63139,1.00451
-8.88704,1.0031
-9.07197,1.0031
-9.23872,1.00258
-9.62406,1.00194
-9.78701,1.00182
-10.01578,1.00142
-10.30979,1.00118
-10.51699,1.0004
-10.67673,1.00014
-11.03338,0.99989
-11.17044,1.00015
-11.37274,1.00015
-11.55145,0.9999
-11.92335,0.99952
-12.09697,0.99952
-12.29338,0.99952
-12.63371,0.99939
-12.83644,0.99939
-12.99053,0.9994
-13.32281,0.9994
-13.48766,0.99888
-13.67601,0.9994
-13.94114,0.9994
-14.22014,0.99914
-14.39097,0.99915
-14.6543,0.99928
-14.88571,0.99915
-15.09474,0.99864
-15.26471,0.99864
-15.59563,0.9989
-15.77628,0.99877
-15.96196,0.99851
-16.20671,0.99851
-16.50518,0.9989
-16.66444,0.9989
-16.914,0.99916
-17.20298,0.99877
-17.41826,0.9989
-17.65617,0.99904
-17.84443,0.99904
-17.99626,0.99904
-18.2105,0.99891
-18.472,0.99917
-18.74991,0.9993
-18.91297,0.99931
-19.24208,0.99957
-19.44562,0.99918
-19.65045,0.99893
-19.91277,0.99918
