10.99225,1.00412
10.83315,1.00414
10.65484,1.00361
10.51469,1.00296
10.40312,1.00319
10.2049,1.0033
10.06739,1.00243
9.96389,1.00287
9.80153,1.0033
9.6619,1.0032
9.58324,1.00298
9.3731,1.00309
9.26532,1.00288
9.11539,1.00278
9.01312,1.00278
8.80393,1.00309
8.66583,1.00309
8.60301,1.00311
8.39758,1.00342
8.2445,1.00321
8.17232,1.003
7.9568,1.00353
7.80772,1.00342
7.64578,1.00353
7.48823,1.00396
7.33765,1.00407
7.21,1.00439
7.11806,1.00472
6.92767,1.00524
6.78744,1.00567
6.70824,1.00654
6.50312,1.00728
6.38016,1.0075
6.21775,1.00836
6.05596,1.00911
5.92027,1.01051
5.79577,1.01148
5.66634,1.01256
5.54817,1.01354
5.40774,1.01527
5.24944,1.01711
5.10332,1.01963
4.98906,1.02172
4.82523,1.02458
4.68554,1.02756
4.52342,1.03144
4.41902,1.03435
4.24034,1.04055
4.13099,1.04361
3.99849,1.04921
3.89728,1.05335
3.7628,1.06032
3.63099,1.06725
3.43337,1.07979
3.34772,1.08645
3.20678,1.09812
3.09589,1.11051
2.95313,1.12394
2.82574,1.13841
2.70173,1.15429
2.5934,1.17264
2.45472,1.19438
2.34086,1.2134
2.17773,1.2447
2.11477,1.25589
1.97319,1.27484
1.82877,1.2983
1.7383,1.30889
1.65288,1.31477
1.51681,1.31788
1.41339,1.31561
1.3162,1.30771
1.21108,1.29504
1.01723,1.26344
0.94482,1.2461
0.80587,1.2187
0.65803,1.1864
0.54656,1.16593
0.44067,1.14915
0.24919,1.12669
0.19325,1.12115
0.04378,1.11467
-0.06091,1.1167
-0.24308,1.12502
-0.34159,1.13422
-0.47615,1.15102
-0.63814,1.17911
-0.76851,1.20464
-0.8471,1.22351
-1.00394,1.25674
-1.10098,1.2726
-1.214,1.29241
-1.32008,1.3068
-1.42765,1.31498
-1.51015,1.3176
-1.65238,1.31414
-1.76537,1.30244
-1.89454,1.28812
-1.99985,1.27232
-2.15017,1.24717
-2.22991,1.23161
-2.36506,1.20888
-2.49445,1.18582
-2.62073,1.16781
-2.68904,1.15564
-2.91877,1.12651
-2.97229,1.12007
-3.10592,1.10572
-3.21603,1.09491
-3.38285,1.08051
-3.47377,1.07474
-3.63846,1.06525
-3.79578,1.05613
-3.88189,1.05116
-3.99516,1.04658
-4.21202,1.03739
-4.30875,1.03391
-4.4411,1.02978
-4.64829,1.02414
-4.77894,1.02095
-4.82976,1.01986
-4.98747,1.01657
-5.14139,1.01419
-5.2708,1.01268
-5.35852,1.01137
-5.60922,1.00869
-5.70712,1.00751
-5.84843,1.00633
-6.04258,1.00472
-6.16091,1.00408
-6.24592,1.00355
-6.46071,1.00226
-6.55654,1.00205
-6.68689,1.0013
-6.79743,1.00088
-7.03144,1.00003
-7.13742,0.99972
-7.26411,0.99928
-7.48182,0.99897
-7.61137,0.99822
-7.70343,0.99822
-7.91379,0.99791
-8.01318,0.9976
-8.13521,0.99737
-8.30149,0.99739
-8.48134,0.99706
-8.57936,0.99716
-8.73965,0.99685
-8.8913,0.99642
-9.01473,0.99653
-9.10815,0.99696
-9.3245,0.99663
-9.42644,0.99673
-9.55356,0.99684
-9.70873,0.99662
-9.88434,0.99641
-9.97592,0.99641
-10.14558,0.99672
-10.31555,0.99693
-10.4376,0.99703
-10.60309,0.99703
-10.72269,0.99681
-10.82191,0.99724
-10.94448,0.99712
