10.93587,1.00332
10.67574,1.00325
10.51444,1.00311
10.28425,1.00329
10.08293,1.00305
9.90706,1.00302
9.75731,1.0026
9.63299,1.0025
9.40575,1.00253
9.21483,1.00191
9.14726,1.00153
8.89601,1.00101
8.74734,1.00094
8.57384,1.0009
8.36242,1.0017
8.18414,1.00208
8.0329,1.00239
7.87328,1.00245
7.72135,1.00221
7.53054,1.00304
7.35794,1.00355
7.17093,1.00323
7.02627,1.00306
6.84919,1.00371
6.66152,1.00442
6.48093,1.00538
6.32575,1.00558
6.09332,1.00615
5.97937,1.00587
5.80017,1.00695
5.6799,1.00759
5.49158,1.00796
5.33037,1.00815
5.06359,1.0115
4.93494,1.01244
4.74881,1.01501
4.59188,1.01789
4.41071,1.02015
4.2458,1.02355
4.06808,1.02802
3.89621,1.03213
3.67813,1.03906
3.53775,1.04427
3.28939,1.05748
3.20113,1.06049
3.01348,1.07247
2.79822,1.08622
2.65109,1.09457
2.51675,1.10397
2.34577,1.1159
2.17779,1.12612
2.02104,1.13478
1.88976,1.14048
1.62666,1.14495
1.50883,1.1456
1.3459,1.14344
1.11946,1.13403
0.95398,1.12407
0.82963,1.11459
0.56651,1.10018
0.49301,1.09568
0.3013,1.08823
0.15815,1.08203
-0.09991,1.0811
-0.23171,1.08316
-0.3786,1.09107
-0.62216,1.10298
-0.78611,1.11185
-0.90275,1.11952
-1.13322,1.13389
-1.23256,1.13953
-1.41039,1.14637
-1.59313,1.14543
-1.7214,1.1441
-1.84183,1.1411
-2.04183,1.13347
-2.24729,1.11978
-2.4168,1.11061
-2.56895,1.09968
-2.77536,1.08569
-2.89333,1.07884
-3.06825,1.06826
-3.27957,1.05585
-3.44474,1.04874
-3.56088,1.04222
-3.84077,1.03151
-3.92031,1.02918
-4.10553,1.02543
-4.26861,1.02182
-4.49037,1.01838
-4.61887,1.01666
-4.78688,1.01457
-4.99204,1.01258
-5.15227,1.01099
-5.25989,1.01084
-5.5475,1.00923
-5.68296,1.00797
-5.82503,1.00668
-6.11534,1.00594
-6.2674,1.00523
-6.36217,1.00462
-6.54529,1.00384
-6.74063,1.00309
-6.88177,1.00251
-7.01165,1.00169
-7.31781,1.00138
-7.44325,1.00049
-7.62114,0.99991
-7.85927,0.99847
-8.00666,0.99819
-8.13709,0.99826
-8.39514,0.9986
-8.50312,0.99822
-8.67232,0.99739
-8.79528,0.99739
-9.07696,0.99739
-9.19714,0.99749
-9.35317,0.99728
-9.61675,0.997
-9.75848,0.99811
-9.89251,0.99725
-10.1354,0.99835
-10.27157,0.99691
-10.44096,0.99691
-10.63492,0.99647
-10.84647,0.99802
-10.96692,0.99829
