8.93273,1.00044
8.82981,1.00036
8.62271,1
8.45588,0.99941
8.38218,0.99998
8.16839,1.00014
8.00537,0.99984
7.82925,1.00046
7.64654,1.00008
7.50701,0.99975
7.36541,0.99967
7.2133,0.99956
7.0756,0.99956
6.91531,0.99851
6.74583,0.99896
6.58271,0.99899
6.44516,0.99939
6.27538,0.99995
6.11692,0.99997
5.95244,1.00053
5.81651,1.00061
5.59099,1.00164
5.4809,1.00217
5.30986,1.00278
5.19509,1.00349
5.02687,1.00474
4.89057,1.00643
4.64856,1.0083
4.53637,1.00959
4.36388,1.01219
4.22279,1.01476
4.03144,1.01824
3.91225,1.02146
3.73605,1.02528
3.57873,1.02927
3.4136,1.03412
3.28513,1.03912
3.03783,1.04982
2.95737,1.05408
2.80028,1.06164
2.58924,1.07335
2.44745,1.08246
2.31986,1.09148
2.17247,1.09898
2.0175,1.10676
1.86481,1.11205
1.73289,1.11476
1.50345,1.11465
1.38954,1.11291
1.23173,1.10661
1.02286,1.09453
0.89409,1.08535
0.76622,1.07679
0.51949,1.06391
0.44378,1.06018
0.27185,1.052
0.12134,1.04749
-0.10633,1.04749
-0.2193,1.04944
-0.3711,1.05258
-0.58257,1.06404
-0.75368,1.0759
-0.84174,1.08329
-1.06882,1.09685
-1.16254,1.10235
-1.33831,1.10977
-1.48945,1.11235
-1.61948,1.11316
-1.72731,1.11288
-1.93143,1.10838
-2.07907,1.10207
-2.25436,1.09455
-2.40393,1.0871
-2.58246,1.07588
-2.69147,1.06853
-2.86228,1.05949
-3.04784,1.05075
-3.17613,1.04452
-3.28751,1.03939
-3.55529,1.02988
-3.62799,1.02765
-3.80838,1.02422
-3.94713,1.02126
-4.15782,1.01773
-4.2781,1.01612
-4.44549,1.01366
-4.62901,1.01106
-4.75068,1.00982
-4.85488,1.00824
-5.11535,1.00616
-5.24646,1.0055
-5.39636,1.00471
-5.6049,1.00317
-5.76523,1.00232
-5.85326,1.00171
-6.02128,1.00139
-6.20889,1.00121
-6.34557,1.00081
-6.4585,1.00049
-6.72651,0.99985
-6.84258,0.99939
-6.99712,0.99964
-7.18579,1.00048
-7.32729,1.0001
-7.43288,1.00062
-7.66879,1.00106
-7.78438,1.0009
-7.91867,1.00163
-8.02769,1.00166
-8.27772,1.00232
-8.39774,1.00224
-8.52827,1.00224
-8.75871,1.00235
-8.89542,1.00256
