17.8239,1.00148
17.62995,1.0012
17.48667,1.00103
17.19516,1.00099
16.99442,0.99992
16.87691,1.00016
16.6502,0.99961
16.37993,0.99973
16.16795,0.99959
16.03218,0.99959
15.70258,0.99957
15.51578,0.99945
15.3266,0.99955
15.09233,0.99941
14.89624,0.99902
14.78439,0.99914
14.47841,0.99941
14.29646,0.99955
14.0747,0.99951
13.92147,0.99979
13.60712,0.99979
13.41998,0.99993
13.31197,0.99979
13.01858,0.99939
12.77749,0.99963
12.67219,0.99953
12.36613,0.99977
12.17627,0.99977
11.90534,0.99991
11.68333,1.0002
11.47205,1.00044
11.28067,1.00058
11.12775,1.00072
10.83387,1.00111
10.6236,1.00127
10.50706,1.00125
10.21217,1.00139
10.00254,1.00125
9.80906,1.00123
9.53654,1.00099
9.33721,1.00092
9.14593,1.00066
8.95987,1.00011
8.76369,0.99985
8.53873,0.99955
8.32899,0.99906
8.09552,0.99902
7.93102,0.999
7.70629,0.99926
7.45468,0.99953
7.25635,1.00007
7.076,1.00062
6.7879,1.0021
6.63644,1.00281
6.42015,1.00468
6.30628,1.00568
6.0813,1.00816
5.89681,1.01037
5.55293,1.01549
5.41071,1.018
5.19117,1.02227
5.03086,1.02606
4.78081,1.03205
4.62287,1.03708
4.40727,1.04415
4.1999,1.05164
3.98416,1.06101
3.79785,1.06973
3.5285,1.08485
3.4326,1.09137
3.23059,1.10308
2.96885,1.12093
2.78501,1.13293
2.6684,1.14126
2.45058,1.15466
2.27782,1.16384
2.08789,1.17235
1.91911,1.17614
1.63597,1.17574
1.498,1.17148
1.32059,1.16201
1.06551,1.14583
0.89566,1.13289
0.73524,1.11997
0.41387,1.10127
0.33525,1.09572
0.13836,1.08822
-0.02222,1.08665
-0.32652,1.09324
-0.45166,1.1002
-0.65844,1.11289
-0.89377,1.13245
-1.1056,1.14868
-1.25379,1.15783
-1.5162,1.1713
-1.632,1.17524
-1.82805,1.17727
-2.01383,1.17469
-2.17994,1.169
-2.29311,1.16329
-2.54589,1.14825
-2.75284,1.13532
-2.95306,1.12211
-3.13401,1.10982
-3.37809,1.09409
-3.51309,1.08583
-3.72733,1.07445
-3.96626,1.06255
-4.13,1.05476
-4.26384,1.04974
-4.61609,1.03824
-4.69536,1.03547
-4.924,1.02918
-5.08254,1.02547
-5.3663,1.01969
-5.52699,1.01717
-5.72826,1.01367
-5.98504,1.00965
-6.14018,1.00773
-6.30849,1.00662
-6.65734,1.00401
-6.77925,1.00305
-6.98652,1.00224
-7.29176,1.0009
-7.48071,1.00007
-7.59714,0.99953
-7.81643,0.9994
-8.05199,0.9994
-8.22899,0.99955
-8.37965,0.9994
-8.72769,0.99983
-8.88045,0.99997
-9.11165,1.00011
-9.37286,1.00064
-9.53818,1.00044
-9.68832,1.00066
-10.03085,1.00058
-10.17965,1.0008
-10.34764,1.00074
-10.51859,1.00046
-10.85368,1.00018
-11.03054,1.00003
-11.20641,0.99963
-11.51976,0.99922
-11.69059,0.99842
-11.83899,0.99868
-12.13396,0.99789
-12.29678,0.99787
-12.46236,0.99775
-12.71429,0.99749
-13.00612,0.99939
-13.14096,0.99943
-13.37426,0.99955
-13.57158,0.99983
-13.77063,1.00008
-13.92253,0.99998
-14.23739,1.00014
-14.3829,1.00028
-14.57158,1.00026
-14.77703,1.0004
-15.04584,1.00054
-15.19636,1.00052
-15.43967,1.00054
-15.6778,1.00054
-15.88846,1.0003
-16.11698,1.00045
-16.28834,1.00063
-16.43592,1.00099
-16.60815,1.00113
-16.85904,1.00087
-17.12433,1.00063
-17.27067,1.00077
-17.57787,1.00079
-17.73609,1.00108
