9.90327,1.00215
9.78085,1.00208
9.64755,1.00132
9.54749,1.00161
9.33291,1.00167
9.20437,1.00151
9.12931,1.00126
8.93243,1.00106
8.78223,1.00136
8.69717,1.00144
8.50296,1.00132
8.37813,1.00167
8.20701,1.00171
8.04845,1.00158
7.90067,1.00118
7.77861,1.0012
7.68038,1.0007
7.50662,1.00031
7.36091,1.00002
7.29372,1.00021
7.0876,1.00024
6.97281,0.9995
6.81997,1.00017
6.65889,0.99983
6.51224,1
6.40266,0.99992
6.26913,0.99957
6.14502,0.99963
6.00118,0.99998
5.85628,1.0001
5.70407,0.99973
5.58087,0.99968
5.45573,1.00012
5.31025,1.00042
5.16019,1.00073
5.03948,1.00019
4.84872,1.00096
4.74938,1.00119
4.60902,1.002
4.50448,1.00246
4.34847,1.00364
4.24269,1.00512
4.03772,1.00736
3.93685,1.00874
3.77001,1.01125
3.65363,1.01379
3.50658,1.01707
3.39005,1.02023
3.22273,1.02499
3.09236,1.0294
2.94665,1.03507
2.83415,1.04096
2.62728,1.05221
2.54407,1.05596
2.40278,1.06538
2.23271,1.07681
2.09392,1.08615
2.01472,1.09249
1.8729,1.10324
1.74547,1.11098
1.59893,1.11853
1.49776,1.12266
1.28938,1.12746
1.20016,1.12799
1.05079,1.12568
0.87899,1.12085
0.75046,1.11536
0.64946,1.11032
0.45414,1.10011
0.37606,1.09607
0.22684,1.09178
0.11519,1.089
-0.0988,1.08909
-0.17833,1.08994
-0.32319,1.09457
-0.49715,1.1017
-0.63084,1.10892
-0.7244,1.11335
-0.89907,1.12093
-1.00627,1.12424
-1.14162,1.12913
-1.27167,1.12885
-1.38832,1.1278
-1.47571,1.12468
-1.64175,1.11798
-1.78353,1.11119
-1.92828,1.1016
-2.04088,1.0932
-2.23153,1.07925
-2.31584,1.07352
-2.46316,1.06326
-2.62131,1.05396
-2.74565,1.04661
-2.83565,1.04244
-3.07256,1.03207
-3.13107,1.02982
-3.28379,1.02415
-3.41136,1.02081
-3.59104,1.01666
-3.6895,1.01287
-3.83175,1.01025
-4.00172,1.00781
-4.1156,1.00604
-4.22168,1.00489
-4.46176,1.00282
-4.57142,1.00214
-4.68573,1.00147
-4.88421,1.00124
-5.00962,1.00074
-5.08764,1.00068
-5.22498,1.00053
-5.38095,1.00028
-5.50897,1.00045
-5.61068,1.00024
-5.83979,1.0004
-5.92993,1.00004
-6.07305,0.99997
-6.24077,0.99995
-6.37214,0.99943
-6.47076,1.00001
-6.67346,1.0002
-6.77248,1.00056
-6.89176,1.00003
-6.99676,0.99994
-7.21954,1.00013
-7.31405,1.00013
-7.43681,1.00026
-7.64917,1.00054
-7.75977,1.00053
-7.86434,1.00019
-8.06333,1.0001
-8.1511,0.99992
-8.27808,1.00022
-8.44649,0.99997
-8.62265,1.00004
-8.71697,1.0001
-8.87605,1.00025
-9.01367,1.00068
-9.14654,1.00102
-9.23292,1.00079
-9.43953,1.00112
-9.53289,1.00124
-9.66576,1.00127
-9.81616,1.00133
-9.98456,1.00139
