9.99396,0.99923
9.75388,0.99929
9.56725,0.99889
9.48325,0.99903
9.21698,0.99891
9.04896,0.99947
8.8721,0.99959
8.65835,1.00067
8.46038,1.00066
8.31728,1.00028
8.13504,1.00099
7.97837,1.00109
7.79385,1.00068
7.60872,1.00139
7.44046,1.00078
7.28026,1.00112
7.09167,1.0016
6.89286,1.00171
6.71362,1.00177
6.57285,1.00198
6.32799,1.00244
6.19795,1.0024
6.01042,1.00154
5.86622,1.00124
5.70587,1.00202
5.55131,1.00199
5.2677,1.0026
5.13945,1.00342
4.94544,1.00391
4.78135,1.00428
4.58263,1.00644
4.42423,1.00965
4.22716,1.01224
4.0507,1.01363
3.83206,1.01685
3.67439,1.01997
3.42039,1.02661
3.33174,1.02975
3.14228,1.03663
2.89763,1.04611
2.74699,1.05278
2.62811,1.05817
2.4274,1.06896
2.24776,1.07742
2.0999,1.08588
1.93019,1.09462
1.67568,1.10504
1.55227,1.10804
1.35353,1.1111
1.13751,1.11321
0.9787,1.1124
0.83411,1.11087
0.58834,1.10642
0.49262,1.10386
0.31078,1.10031
0.15338,1.09904
-0.09469,1.09814
-0.22171,1.09847
-0.38778,1.10357
-0.62106,1.10762
-0.80712,1.10957
-0.92931,1.11216
-1.17081,1.11312
-1.27989,1.11273
-1.46313,1.11058
-1.62271,1.10576
-1.78701,1.0988
-1.91143,1.09313
-2.12781,1.0838
-2.34463,1.07268
-2.51921,1.06509
-2.67458,1.05614
-2.90382,1.04565
-3.03432,1.03979
-3.21092,1.03289
-3.41427,1.02678
-3.59029,1.02131
-3.73244,1.01736
-4.04616,1.01301
-4.12157,1.01167
-4.31138,1.00948
-4.44385,1.00769
-4.68591,1.0051
-4.8209,1.00461
-5.00785,1.00284
-5.21407,1.00264
-5.37264,1.00278
-5.5087,1.00201
-5.82102,1.00134
-5.94688,1.00144
-6.11009,1.00092
-6.37286,1.0004
-6.52685,1.00026
-6.62414,1.0004
-6.81703,1.00023
-7.02272,1.00036
-7.1711,0.99988
-7.30367,0.99901
-7.59346,0.99926
-7.72928,0.99994
-7.92084,0.99987
-8.16012,0.99959
-8.3057,0.99929
-8.4395,0.99947
-8.70248,0.99902
-8.82832,0.9988
-8.97758,0.99942
-9.0991,0.99971
-9.38275,0.99975
-9.50744,0.99992
-9.66225,1.00035
-9.90667,1.00066
