20.03899,1.00178
19.89074,1.00171
19.59016,1.0017
19.39461,1.00124
19.22112,1.00096
19.08565,1.00043
18.79251,1.0002
18.69747,0.99987
18.47,0.99951
18.22517,0.99913
18.00671,0.99918
17.86484,0.99935
17.61416,0.9994
17.43888,0.99937
17.32024,0.9997
17.03589,1.00006
16.79767,1.00002
16.69462,1.00017
16.49447,1.0002
16.24792,1.00078
16.03177,1.00057
15.87568,1.00039
15.57747,1.00047
15.38304,1.00075
15.19972,1.00049
14.95922,1.00038
14.77372,1.00073
14.65822,1.00042
14.3646,0.99992
14.17301,1.00002
13.97171,1.00012
13.82741,1.0001
13.5167,0.99994
13.33638,1.00006
13.22359,1.00006
12.91775,0.99989
12.704,0.99989
12.58571,1.00001
12.27518,1.00013
12.08961,1.00013
11.83026,1.0004
11.60406,1.00068
11.37264,1.0008
11.18555,1.00083
11.03239,1.00107
10.75418,1.00119
10.53967,1.0016
10.43908,1.00186
10.13219,1.002
9.93673,1.00227
9.71925,1.0028
9.46727,1.0032
9.25835,1.00349
9.06883,1.0039
8.88018,1.00445
8.70267,1.00472
8.48496,1.00513
8.24868,1.0058
8.02778,1.0065
7.85941,1.00705
7.64,1.00788
7.41446,1.00858
7.19767,1.00928
7.0294,1.0101
6.74102,1.01175
6.59619,1.01178
6.38655,1.01302
6.24227,1.01428
6.02339,1.01543
5.83799,1.01695
5.54065,1.02004
5.37007,1.02192
5.16718,1.02491
4.98275,1.02802
4.77365,1.03207
4.60587,1.03571
4.36823,1.04253
4.17763,1.04978
3.96752,1.05872
3.78832,1.06689
3.49222,1.08462
3.40754,1.09076
3.17202,1.10672
2.94443,1.12782
2.7698,1.14227
2.63605,1.15237
2.44443,1.16784
2.25678,1.17807
2.08821,1.18393
1.9254,1.18264
1.64228,1.17134
1.5011,1.15954
1.29046,1.13978
1.05446,1.11057
0.88494,1.08926
0.72666,1.07066
0.40955,1.04252
0.32882,1.03591
0.10028,1.02614
-0.08719,1.025
-0.35505,1.03581
-0.51151,1.04607
-0.69816,1.06672
-0.94709,1.09758
-1.16413,1.12175
-1.28725,1.13866
-1.55449,1.16293
-1.67511,1.17262
-1.88493,1.18126
-2.05707,1.18255
-2.22967,1.17931
-2.34576,1.17367
-2.58676,1.15752
-2.80505,1.14006
-3.00101,1.12319
-3.15873,1.11012
-3.43142,1.09055
-3.55258,1.08196
-3.75425,1.06994
-4.00349,1.05749
-4.15767,1.05081
-4.31504,1.04518
-4.63907,1.03611
-4.72493,1.03438
-4.95543,1.02964
-5.1238,1.0265
-5.40077,1.02276
-5.55342,1.02105
-5.75296,1.01908
-5.98464,1.01725
-6.1528,1.01626
-6.29673,1.01514
-6.65434,1.01346
-6.80328,1.01248
-6.97991,1.01195
-7.29506,1.01039
-7.47446,1.00945
-7.59912,1.0093
-7.82055,1.0086
-8.03893,1.00819
-8.23302,1.00776
-8.37782,1.00737
-8.72941,1.0064
-8.88027,1.00626
-9.09094,1.00558
-9.32938,1.00517
-9.51683,1.00476
-9.65718,1.0045
-9.97866,1.0038
-10.12459,1.00354
-10.31164,1.00298
-10.47283,1.00286
-10.81944,1.0026
-10.98259,1.00246
-11.1541,1.00193
-11.46526,1.00152
-11.65632,1.00138
-11.79558,1.00126
-12.10347,1.00099
-12.22585,1.00061
-12.4077,1.00046
-12.65327,1.00022
-12.91498,1.00034
-13.05298,1.00022
-13.28705,1.00034
-13.518,1.00039
-13.69668,1.00012
-13.84192,0.99976
-14.16102,1.00021
-14.33927,0.99997
-14.52698,1.00003
-14.73534,1.0001
-15.01086,0.99987
-15.14859,1.0001
-15.37558,1.00039
-15.63114,1.00025
-15.8152,0.99992
-16.04609,0.99971
-16.21051,0.99959
-16.34353,0.99944
-16.53368,0.99901
-16.77929,0.9991
-17.01617,0.99887
-17.14699,0.99946
-17.46705,0.99889
-17.62651,0.99887
-17.81444,0.9986
-18.04712,0.9982
-18.25758,0.99848
-18.38763,0.9992
-18.67053,0.99859
-18.80888,0.99844
-19.02462,0.99872
-19.16453,0.99893
-19.43973,0.99907
-19.6471,0.99908
-19.81323,0.99939
-20.05464,0.99967
