19.83107,1.00305
19.72414,1.00248
19.52644,1.00342
19.30438,1.00357
19.09319,1.00411
18.97452,1.00421
18.78578,1.00452
18.55794,1.00447
18.3902,1.00454
18.2511,1.00457
17.99654,1.00414
17.89038,1.00473
17.72304,1.00454
17.49804,1.00455
17.30816,1.00512
17.18556,1.00459
16.9114,1.00488
16.76092,1.00433
16.60791,1.00436
16.4881,1.0044
16.22226,1.00385
16.14945,1.00373
15.9505,1.0039
15.69265,1.00329
15.52858,1.0029
15.40186,1.00256
15.18304,1.00227
15.05159,1.00202
14.92701,1.00156
14.68683,1.00149
14.49354,1.00135
14.40038,1.00133
14.20463,1.0011
13.96906,1.0014
13.80048,1.0016
13.66563,1.00184
13.40306,1.00202
13.25072,1.00252
13.09457,1.00255
12.89831,1.00281
12.73647,1.00296
12.64225,1.00312
12.36944,1.00289
12.2039,1.00293
12.01003,1.00303
11.8857,1.00282
11.6086,1.00303
11.46039,1.0031
11.35588,1.00383
11.0942,1.00402
10.90135,1.00385
10.81538,1.00369
10.53816,1.00404
10.37405,1.00449
10.15277,1.00477
9.94181,1.00505
9.75567,1.00505
9.59967,1.00545
9.44524,1.00562
9.22175,1.00623
9.03174,1.00708
8.92725,1.00663
8.66262,1.00736
8.50842,1.00741
8.31451,1.00781
8.09703,1.00809
7.9138,1.00871
7.75404,1.00899
7.58126,1.00961
7.42849,1.00977
7.23312,1.01056
7.05557,1.01129
6.86482,1.01248
6.69372,1.0131
6.49865,1.01417
6.31101,1.01513
6.13132,1.0162
5.97282,1.01745
5.70718,1.01949
5.57286,1.02046
5.39778,1.02229
5.27972,1.02338
5.09052,1.02619
4.94341,1.02814
4.64142,1.03435
4.52713,1.03721
4.36032,1.04243
4.21636,1.04747
4.02016,1.05542
3.86223,1.06311
3.69809,1.0741
3.50252,1.08567
3.31995,1.09943
3.18575,1.11223
2.93727,1.13588
2.85906,1.14533
2.69345,1.16341
2.45986,1.18539
2.33437,1.20126
2.22212,1.21093
2.05308,1.2223
1.90904,1.22738
1.75172,1.2278
1.6137,1.22177
1.35467,1.20198
1.23292,1.18718
1.06988,1.16452
0.86989,1.13363
0.72966,1.11205
0.57835,1.0951
0.31687,1.06948
0.24865,1.06477
0.05609,1.05738
-0.0989,1.05852
-0.33515,1.07022
-0.47389,1.08014
-0.63894,1.09927
-0.87165,1.13053
-1.0269,1.15524
-1.14962,1.17343
-1.3488,1.20057
-1.459,1.21042
-1.63808,1.22247
-1.783,1.22803
-1.9198,1.22704
-2.0318,1.22314
-2.22874,1.21001
-2.41651,1.19359
-2.56315,1.17689
-2.71739,1.16113
-2.93724,1.13696
-3.06121,1.12494
-3.21365,1.10856
-3.41139,1.09213
-3.55686,1.08046
-3.68767,1.07268
-3.97259,1.05705
-4.04822,1.0529
-4.22467,1.04598
-4.39231,1.04014
-4.62195,1.03319
-4.74192,1.03029
-4.93273,1.02619
-5.1563,1.02258
-5.28626,1.02058
-5.41257,1.01911
-5.71606,1.01604
-5.85036,1.01496
-6.01147,1.01372
-6.29601,1.01186
-6.43541,1.01091
-6.53415,1.01063
-6.72749,1.00944
-6.9028,1.00854
-7.06573,1.00776
-7.20543,1.00743
-7.50729,1.00625
-7.63732,1.00597
-7.81499,1.0058
-8.05485,1.00512
-8.20755,1.00479
-8.34272,1.00479
-8.61883,1.00418
-8.7485,1.00378
-8.90949,1.00362
-9.05504,1.00322
-9.35373,1.00322
-9.48211,1.00277
-9.64748,1.00277
-9.92292,1.00254
-10.08126,1.00209
-10.21005,1.00181
-10.47292,1.00165
-10.60586,1.00125
-10.7662,1.0013
-10.97586,1.00118
-11.19531,1.00083
-11.31793,1.00076
-11.52989,1.00036
-11.73385,1.0001
-11.8872,0.99996
-12.01677,0.99949
-12.2897,0.99962
-12.41513,0.99969
-12.58508,0.99933
-12.76183,0.99923
-12.98591,0.9988
-13.12423,0.99872
-13.33102,0.99811
-13.57275,0.99733
-13.726,0.99684
-13.92189,0.99662
-14.05955,0.99653
-14.20136,0.99647
-14.35595,0.99628
-14.54404,0.99633
-14.77713,0.9962
-14.88047,0.99605
-15.14952,0.99651
-15.28753,0.99707
-15.45522,0.99669
-15.66615,0.99666
-15.86931,0.99629
-16.0077,0.99632
-16.23942,0.99681
-16.3442,0.9967
-16.52717,0.99704
-16.64168,0.99796
-16.86679,0.99809
-17.06388,0.99843
-17.22816,0.99841
-17.43774,0.99773
-17.63021,0.99762
-17.73613,0.99763
-18.01274,0.99691
-18.14055,0.9968
-18.36335,0.99675
-18.57927,0.99603
-18.74457,0.99658
-18.91614,0.99681
-19.09415,0.99667
-19.28375,0.99686
-19.49857,0.99698
-19.62438,0.99705
-19.87392,0.99713
