19.96273,1.00133
19.7292,1.00115
19.44075,1.0007
19.22394,1.00037
19.08017,1
18.81294,1.00004
18.61894,0.99898
18.45847,0.99909
18.17901,0.99929
17.94267,0.99906
17.81645,0.99925
17.61845,0.99924
17.33789,0.99885
17.11257,0.99919
16.95693,0.99931
16.6265,0.99964
16.40186,0.99948
16.22354,0.99975
15.96525,0.99998
15.79237,0.99989
15.67404,0.99983
15.31571,1.00022
15.1293,1.00016
14.88994,1.00023
14.74437,1.00007
14.39638,1.00001
14.20529,0.99974
14.09951,0.99933
13.76612,0.99955
13.52474,0.99929
13.40404,0.99939
13.07169,0.99913
12.86999,0.99899
12.58983,0.99872
12.33513,0.99845
12.10044,0.99845
11.89784,0.99856
11.73598,0.99818
11.4359,0.99817
11.19445,0.99752
11.08917,0.99739
10.7575,0.99686
10.55618,0.99686
10.31648,0.99621
10.0538,0.99608
9.82531,0.99594
9.6204,0.9962
9.40956,0.99633
9.22099,0.99659
8.98255,0.99762
8.75351,0.99854
8.52841,0.99971
8.33362,1.00087
8.07698,1.00219
7.85189,1.00375
7.61173,1.0052
7.4114,1.00665
7.11418,1.00862
6.97551,1.00982
6.72026,1.01194
6.54408,1.01355
6.31824,1.01607
6.13348,1.01902
5.82133,1.02415
5.65632,1.02672
5.42398,1.03177
5.23647,1.03603
5.00504,1.04185
4.78852,1.04941
4.56888,1.05789
4.34345,1.06763
4.14183,1.07873
3.95471,1.09028
3.65173,1.11153
3.54072,1.12022
3.34241,1.13803
3.03312,1.16325
2.90091,1.17609
2.75898,1.18934
2.53132,1.20422
2.3495,1.21317
2.16666,1.21817
1.99425,1.21704
1.67333,1.20062
1.5495,1.18868
1.33778,1.16322
1.05419,1.12941
0.88469,1.10412
0.71054,1.08239
0.40674,1.05307
0.27601,1.04772
0.05923,1.04241
-0.12611,1.0427
-0.45438,1.05705
-0.57117,1.06983
-0.78575,1.09209
-1.0807,1.12848
-1.29412,1.15764
-1.4206,1.1734
-1.70412,1.20289
-1.83631,1.21275
-2.02914,1.22012
-2.22652,1.22012
-2.39254,1.21444
-2.55023,1.20595
-2.78002,1.18952
-2.99585,1.17038
-3.21354,1.15043
-3.37973,1.13562
-3.66178,1.11442
-3.80628,1.10263
-4.02028,1.08834
-4.2472,1.07477
-4.43631,1.06563
-4.59894,1.05875
-4.95095,1.04617
-5.04165,1.04352
-5.28671,1.03742
-5.45613,1.03314
-5.75193,1.0274
-5.89233,1.02495
-6.13818,1.02118
-6.40607,1.01808
-6.59844,1.01634
-6.7667,1.01448
-7.11772,1.01168
-7.25261,1.01049
-7.46637,1.00904
-7.79781,1.00731
-8.00435,1.00574
-8.12249,1.00481
-8.33497,1.00338
-8.58923,1.00193
-8.79493,1.00089
-8.94494,1.00024
-9.32567,0.99867
-9.49224,0.99763
-9.72263,0.99711
-10.01849,0.99686
-10.20899,0.99699
-10.37979,0.997
-10.72081,0.99712
-10.87168,0.99712
-11.06387,0.99739
-11.24246,0.99753
-11.63968,0.99793
-11.79628,0.99806
-11.97121,0.99806
-12.30852,0.99807
-12.50772,0.99832
-12.66445,0.99834
-12.9744,0.99835
-13.14396,0.99836
-13.3362,0.99889
-13.60204,0.99917
-13.86875,0.99907
-14.04391,0.99961
-14.30665,0.99926
-14.53389,0.99943
-14.7269,0.99974
-14.87944,0.99977
-15.21565,1.00001
-15.36539,1.00007
-15.56192,0.9999
-15.81199,1.00016
-16.08935,0.99993
-16.23142,0.99989
-16.48324,0.99996
-16.75398,0.99941
-16.95513,0.99892
-17.2084,0.99901
-17.37603,0.99863
-17.52806,0.99916
-17.71251,0.99901
-17.95902,0.99913
-18.22751,0.99934
-18.39047,0.99923
-18.72144,0.99907
-18.89678,0.99985
-19.08427,1.00046
-19.32755,1.00064
-19.56321,1.00042
-19.72382,1.00063
