20.72208,1.00184
20.50657,1.00122
20.36686,1.0012
20.05287,1.00085
19.87711,1.00079
19.68598,1.00072
19.53611,1.00034
19.24715,0.99886
19.14787,0.99872
18.92735,0.99888
18.63258,0.99913
18.42229,0.99886
18.27986,0.99883
18.02066,0.99874
17.8481,0.99804
17.69377,0.99798
17.43383,0.99793
17.21506,0.99811
17.10911,0.99797
16.87681,0.99819
16.62294,0.99826
16.39785,0.99861
16.2284,0.99858
15.92266,0.99856
15.76085,0.99858
15.5709,0.999
15.30839,0.99921
15.1197,0.9993
15.00344,0.99921
14.70066,0.99952
14.50534,0.9993
14.26418,0.99921
14.13097,0.99914
13.80751,0.99906
13.62988,0.99902
13.51393,0.99886
13.19865,0.99881
12.97129,0.99879
12.85092,0.99879
12.52653,0.9989
12.33861,0.99874
12.07549,0.99914
11.83299,0.99939
11.60952,0.99939
11.43748,0.99883
11.28868,0.99897
10.99782,0.99937
10.76942,0.99977
10.67376,0.99977
10.35275,1.00029
10.1741,1.00069
9.94467,1.00083
9.67403,1.00177
9.46669,1.00177
9.27118,1.00231
9.05914,1.00338
8.87556,1.00392
8.66469,1.00487
8.44429,1.00569
8.2294,1.00636
8.04071,1.0069
7.81848,1.00785
7.58373,1.00868
7.35946,1.00962
7.17666,1.01045
6.89284,1.0125
6.74377,1.01389
6.52058,1.01456
6.37981,1.0161
6.14063,1.01747
5.9569,1.01887
5.63385,1.02121
5.50277,1.02262
5.25942,1.02542
5.09772,1.02725
4.87745,1.03048
4.70313,1.03373
4.46432,1.03946
4.26791,1.04509
4.04539,1.05381
3.87085,1.06149
3.5713,1.07891
3.4598,1.08644
3.24368,1.1028
2.9996,1.12435
2.81842,1.13863
2.68374,1.14916
2.48627,1.1614
2.28214,1.17122
2.10401,1.17603
1.93384,1.17325
1.6429,1.157
1.51245,1.14466
1.2734,1.12127
1.03839,1.08822
0.85789,1.06605
0.69338,1.04705
0.38571,1.0209
0.27421,1.01508
0.04914,1.01054
-0.13604,1.01218
-0.44249,1.02693
-0.56398,1.03743
-0.79522,1.05792
-1.06289,1.08916
-1.25451,1.11673
-1.393,1.13433
-1.66629,1.15768
-1.80006,1.16799
-2.01058,1.17571
-2.18851,1.17659
-2.37069,1.17034
-2.47872,1.1646
-2.73634,1.148
-2.95522,1.13021
-3.15416,1.11469
-3.31861,1.10101
-3.56977,1.08196
-3.73696,1.07255
-3.92721,1.0619
-4.18131,1.05148
-4.35013,1.04534
-4.50093,1.04103
-4.84031,1.03403
-4.93679,1.0322
-5.16657,1.02923
-5.31471,1.02837
-5.6124,1.025
-5.76057,1.02374
-5.98111,1.02194
-6.22664,1.01942
-6.42783,1.01817
-6.56079,1.01819
-6.89355,1.01595
-7.0543,1.01472
-7.2186,1.01405
-7.55835,1.01185
-7.74903,1.01075
-7.85311,1.01032
-8.07289,1.00951
-8.3103,1.00884
-8.50035,1.00801
-8.66004,1.0072
-9.00699,1.00597
-9.14698,1.00599
-9.37156,1.0049
-9.64179,1.0049
-9.84829,1.00436
-9.99134,1.00383
-10.31609,1.00355
-10.48155,1.00329
-10.65503,1.00317
-10.81297,1.00291
-11.16661,1.00224
-11.3135,1.00211
-11.50585,1.00196
-11.83472,1.00146
-12.01645,1.00064
-12.1707,1.00064
-12.47617,1.00041
-12.6283,1.00041
-12.81814,1.00029
-13.07381,1.00033
-13.33224,1.00064
-13.48039,1.00136
-13.70955,1.00155
-13.93562,1.00122
-14.12787,1.00101
-14.27544,1.00108
-14.60172,1.00071
-14.74392,1.0003
-14.94193,1.00019
-15.16597,1.00121
-15.40013,1.0015
-15.5702,1.00133
-15.79958,1.00086
-16.0521,1.00007
-16.23792,1.00099
-16.45026,1.0017
-16.6348,1.00133
-16.77261,1.00105
-16.95344,1.00089
-17.1803,1.00105
-17.46044,1.00084
-17.58508,1.00036
-17.90335,1.00011
-18.06401,1.00061
-18.23551,1.00066
-18.47179,1.00131
-18.66205,1.00206
-18.8405,1.00137
-19.10699,1.00165
-19.24568,1.00179
-19.45377,1.00283
-19.59998,1.00406
-19.8409,1.00516
-20.07,1.00481
-20.24699,1.00489
-20.52514,1.0041
-20.73121,1.00485
