9.89217,1.00311
9.75856,1.00273
9.52525,1.00232
9.34525,1.00215
9.2683,1.00114
9.01187,1.00166
8.86702,1.00111
8.67553,1.00125
8.46542,1.00119
8.2941,1.00036
8.14405,1.00058
7.98388,0.99938
7.82764,1
7.63517,1.00048
7.46308,0.99998
7.27047,1.00026
7.11831,1.00046
6.95173,1.00057
6.76575,1.00109
6.57752,1.00122
6.41778,1.00187
6.18395,1.00201
6.05485,1.00191
5.86008,1.00273
5.74126,1.00344
5.54981,1.00381
5.39154,1.00483
5.11881,1.00539
5.01075,1.00496
4.82191,1.00653
4.66787,1.00754
4.48289,1.00945
4.32076,1.01166
4.12648,1.01356
3.95259,1.01651
3.77005,1.02065
3.60944,1.02375
3.34567,1.0321
3.24372,1.03532
3.06644,1.04206
2.841,1.05273
2.67005,1.0634
2.55875,1.0693
2.38678,1.07903
2.2122,1.08909
2.05417,1.0989
1.8825,1.10871
1.6284,1.12073
1.52184,1.12353
1.3432,1.12785
1.12067,1.12975
0.96975,1.12822
0.83786,1.12561
0.57089,1.1188
0.49606,1.11611
0.31651,1.11264
0.16441,1.11205
-0.08055,1.11157
-0.20122,1.11241
-0.35933,1.11568
-0.5962,1.12005
-0.75967,1.12538
-0.88053,1.12641
-1.11001,1.1294
-1.22798,1.12955
-1.38814,1.1273
-1.58184,1.12141
-1.72224,1.11631
-1.84465,1.11036
-2.03114,1.10111
-2.24939,1.08824
-2.40248,1.07866
-2.56077,1.06888
-2.78598,1.05728
-2.90754,1.05049
-3.09487,1.04193
-3.31307,1.03147
-3.44288,1.02752
-3.57764,1.0237
-3.88231,1.01619
-3.96928,1.01451
-4.15141,1.01137
-4.31198,1.00876
-4.53816,1.00609
-4.66346,1.00599
-4.84658,1.00442
-5.0623,1.00304
-5.19571,1.00267
-5.34511,1.0022
-5.62763,1.00149
-5.76011,1.00081
-5.91097,1.0009
-6.18205,0.99948
-6.32975,0.99958
-6.41101,0.99974
-6.59649,0.99946
-6.78813,1.00024
-6.93913,0.99945
-7.06442,1.00002
-7.36536,1.00025
-7.49241,0.99998
-7.65897,0.99994
-7.88699,0.99918
-8.03796,0.99876
-8.16608,0.99848
-8.43047,0.99858
-8.56784,0.99793
-8.71039,0.99744
-8.84166,0.9985
-9.12301,0.99901
-9.25927,0.99764
-9.40725,0.99733
-9.67478,0.99778
-9.83601,0.9976
-9.95795,0.99815
