12.85076,1.0051
12.76665,1.00464
12.63116,0.99996
12.46824,0.99819
12.41084,0.99819
12.24596,0.99806
12.04586,0.99766
11.8994,1.00193
11.66891,1.00424
11.48418,1.00285
11.3632,1.00292
11.21387,1.0014
11.01923,1.00318
10.91133,1.00299
10.81766,1.00239
10.62567,1.00048
10.50059,1.0014
10.31415,1.0014
10.27759,0.99791
10.05519,0.99699
9.91654,0.99724
9.84172,0.99737
9.64166,0.99506
9.48408,0.99624
9.40987,0.99439
9.1889,0.99346
9.04324,0.99378
8.83398,0.99528
8.65448,0.9976
8.49535,0.99759
8.36451,1.00086
8.23422,1.00073
8.05607,1.00247
7.90001,1.00362
7.84437,1.0008
7.63538,1.00033
7.50523,0.99952
7.34772,1.00086
7.17302,1.00127
7.01928,1.00173
6.88995,1.00173
6.74583,1.00475
6.60396,1.00361
6.45295,1.00294
6.28752,1.00662
6.12427,1.00695
6.00795,1.00815
5.85122,1.00888
5.67275,1.00974
5.54091,1.00966
5.40591,1.01126
5.2085,1.01385
5.0834,1.01505
4.92597,1.01813
4.81832,1.02013
4.65874,1.02205
4.53516,1.02215
4.32032,1.02752
4.21561,1.03089
4.06095,1.03301
3.93313,1.03616
3.78039,1.04158
3.64677,1.04767
3.50836,1.0535
3.3447,1.06039
3.19307,1.0697
3.05402,1.07697
2.84665,1.09036
2.76606,1.0967
2.62558,1.10432
2.44934,1.116
2.31967,1.12652
2.20626,1.13256
2.06745,1.14321
1.91159,1.14801
1.78049,1.14778
1.66192,1.14752
1.44133,1.13579
1.33959,1.12916
1.17752,1.11763
0.98555,1.09577
0.86639,1.08372
0.73498,1.07077
0.51582,1.05155
0.429,1.04603
0.2721,1.03589
0.1444,1.03204
-0.07838,1.02887
-0.18588,1.02972
-0.34558,1.03803
-0.54092,1.0519
-0.71328,1.06728
-0.80705,1.07541
-0.99889,1.09675
-1.09257,1.10886
-1.24487,1.12256
-1.38669,1.13091
-1.51868,1.13918
-1.63276,1.14578
-1.80095,1.15002
-1.96046,1.1507
-2.11895,1.14394
-2.21986,1.13843
-2.4104,1.13041
-2.50704,1.12424
-2.64266,1.11447
-2.8202,1.10137
-2.95303,1.08947
-3.06741,1.08363
-3.28807,1.07278
-3.35503,1.06919
-3.50056,1.06355
-3.62254,1.05971
-3.81556,1.05182
-3.9168,1.04776
-4.08624,1.03487
-4.28046,1.02845
-4.39122,1.02987
-4.49082,1.02752
-4.72149,1.0252
-4.82689,1.02408
-4.96863,1.022
-5.17761,1.01953
-5.31854,1.01435
-5.42088,1.01361
-5.56137,1.01391
-5.73526,1.01163
-5.86283,1.0107
-5.96755,1.00976
-6.20847,1.00911
-6.31346,1.00965
-6.46457,1.00696
-6.6651,1.00542
-6.80416,1.00348
-6.90557,1.00435
-7.13179,1.00308
-7.24255,1.00093
-7.38371,1.00174
-7.4658,1.00234
-7.71871,1.0018
-7.82547,1.0014
-7.95694,1.001
-8.18723,1.00093
-8.31743,0.99839
-8.42395,1.00073
-8.6448,0.9988
-8.75709,1.0002
-8.86516,1.00053
-9.03956,1.0004
-9.25006,0.99967
-9.33268,1.00107
-9.50184,0.99994
-9.66366,1.00027
-9.79817,0.99994
-9.89581,1.001
-10.13858,1.00101
-10.23795,1.00041
-10.36589,0.99988
-10.56872,0.9987
-10.73406,0.99831
-10.85306,0.99936
-11.01161,0.99976
-11.18635,1.00048
-11.33703,0.99832
-11.5137,0.99845
-11.64988,0.99793
-11.73355,0.9995
-11.8603,1.00042
-12.02762,1.00088
-12.22716,0.9993
-12.35816,1.00074
-12.56275,1.00101
-12.6783,1.00252
-12.81474,0.99884
-12.99931,1.00147
