10.9164,0.99884
10.74458,1.00013
10.62803,0.99959
10.5497,0.99986
10.34487,1.00084
10.18137,1.00208
10.0229,1.00312
9.92212,1.00171
9.70863,1.00095
9.59107,1.00119
9.51644,1.00141
9.31027,1.00195
9.15172,1.0022
9.07632,1.00162
8.83001,1.00115
8.70272,1.00228
8.5254,1.00138
8.36714,1.0028
8.227,1.00202
8.09816,1.00322
7.99483,1.00276
7.8059,1.00293
7.6576,1.00344
7.59989,1.00378
7.39201,1.00351
7.26401,1.00406
7.11162,1.00501
6.94495,1.00601
6.79271,1.00676
6.65978,1.00811
6.53015,1.00932
6.40278,1.01012
6.24766,1.00978
6.10368,1.00986
5.94563,1.01049
5.83065,1.01064
5.67373,1.01201
5.52242,1.01312
5.36585,1.0129
5.24374,1.01476
5.05312,1.01653
4.9496,1.01778
4.79552,1.01998
4.69234,1.02192
4.53032,1.02444
4.39497,1.02686
4.18499,1.03101
4.08048,1.03308
3.9371,1.03681
3.81362,1.04064
3.66019,1.04754
3.54195,1.05191
3.40334,1.0591
3.25679,1.06679
3.10067,1.07607
2.97842,1.08596
2.77142,1.1022
2.68999,1.10915
2.55739,1.12069
2.37263,1.1378
2.25697,1.14675
2.16519,1.15304
2.01804,1.16167
1.89296,1.16272
1.7443,1.16232
1.62559,1.16003
1.42452,1.14637
1.3289,1.13596
1.18075,1.1177
0.9956,1.09031
0.85626,1.07025
0.74618,1.05204
0.52619,1.02294
0.43495,1.01266
0.27836,0.99823
0.14439,0.99108
-0.08731,0.98899
-0.18629,0.99414
-0.33837,1.00431
-0.52283,1.0219
-0.69405,1.04395
-0.80437,1.05923
-0.97345,1.08619
-1.07682,1.10087
-1.24935,1.12426
-1.36747,1.14096
-1.49507,1.15194
-1.59454,1.15915
-1.74978,1.16521
-1.90259,1.16533
-2.05071,1.15864
-2.16352,1.15318
-2.34233,1.14029
-2.4345,1.13473
-2.58115,1.12271
-2.74311,1.10756
-2.86739,1.09806
-2.97045,1.09065
-3.18911,1.07335
-3.26132,1.06898
-3.39718,1.06123
-3.52314,1.05518
-3.72299,1.04612
-3.82878,1.04298
-3.97129,1.03784
-4.14412,1.03335
-4.26258,1.02941
-4.37296,1.02739
-4.61173,1.02372
-4.71856,1.02234
-4.84273,1.02027
-5.05645,1.01847
-5.18396,1.01695
-5.26149,1.01581
-5.4035,1.01555
-5.56512,1.01411
-5.69504,1.01209
-5.80595,1.01186
-6.03709,1.00995
-6.13734,1.00972
-6.28612,1.00902
-6.46537,1.00783
-6.58025,1.00663
-6.68513,1.00659
-6.90477,1.0058
-7.00928,1.00534
-7.13277,1.00536
-7.23021,1.00536
-7.46777,1.00378
-7.57868,1.00309
-7.71379,1.00198
-7.90971,1.00119
-8.03077,1.00186
-8.14596,1.00211
-8.35563,1.00157
-8.45743,1.00053
-8.5683,1.0009
-8.74487,1.0005
-8.89604,1.00087
-9.00119,1.00056
-9.16793,1.00078
-9.32248,1.00074
-9.46676,1.00015
-9.56706,1.00005
-9.79283,0.99999
-9.88133,1.0016
-9.99876,1.00116
-10.16719,0.99972
-10.34883,0.99895
-10.46357,0.99792
-10.63668,0.99892
-10.79011,1.00039
-10.92181,1.00031
