9.84298,1.00688
9.66902,1.0065
9.51617,1.0069
9.40224,1.00703
9.18619,1.00702
9.01686,1.00734
8.929,1.0071
8.68693,1.0073
8.53085,1.00735
8.35477,1.00813
8.16159,1.00805
7.99138,1.00784
7.8403,1.00822
7.68036,1.00788
7.55035,1.00794
7.3826,1.00728
7.20669,1.00668
7.02738,1.00658
6.88005,1.00705
6.70087,1.0073
6.52338,1.00719
6.34865,1.00708
6.20154,1.00818
5.96287,1.0079
5.84545,1.00753
5.67857,1.00805
5.56867,1.00864
5.37922,1.00978
5.23278,1.00981
4.97198,1.01176
4.85415,1.01288
4.66284,1.01486
4.52501,1.01608
4.33224,1.0184
4.17979,1.02099
4.00967,1.02417
3.83533,1.02703
3.65619,1.032
3.51956,1.03587
3.25696,1.04477
3.15958,1.04847
2.97817,1.05599
2.76603,1.0661
2.61658,1.07248
2.49212,1.07924
2.32137,1.0877
2.1689,1.09417
1.98732,1.10123
1.84423,1.10476
1.60631,1.10927
1.48862,1.10981
1.31423,1.10826
1.10716,1.10145
0.96085,1.09562
0.80685,1.08803
0.56376,1.07731
0.46098,1.07408
0.3014,1.06829
0.14234,1.06538
-0.0998,1.06454
-0.21705,1.06613
-0.39485,1.07106
-0.6043,1.07931
-0.78564,1.08669
-0.89486,1.09099
-1.10925,1.0993
-1.24201,1.10277
-1.40564,1.10634
-1.57115,1.10695
-1.71679,1.10661
-1.82847,1.10478
-2.02597,1.09916
-2.20842,1.09105
-2.39753,1.08275
-2.54851,1.07552
-2.76193,1.06585
-2.86751,1.06042
-3.06641,1.05203
-3.2393,1.04536
-3.3904,1.03974
-3.5159,1.036
-3.78895,1.02886
-3.87097,1.02716
-4.04107,1.02421
-4.19062,1.02153
-4.41719,1.01826
-4.5485,1.0159
-4.72403,1.01437
-4.9209,1.01226
-5.06332,1.01175
-5.18613,1.01049
-5.45757,1.00928
-5.57721,1.00896
-5.72419,1.00822
-5.98599,1.00796
-6.13697,1.00744
-6.22425,1.00751
-6.39395,1.00842
-6.58758,1.00813
-6.72822,1.0085
-6.84997,1.00839
-7.13324,1.00773
-7.2406,1.00803
-7.41249,1.00814
-7.63913,1.00834
-7.78341,1.00805
-7.92037,1.00827
-8.17068,1.00883
-8.28763,1.00823
-8.40844,1.00936
-8.53319,1.00948
-8.80563,1.00898
-8.9208,1.00884
-9.06815,1.00902
-9.32633,1.00843
-9.46827,1.00907
-9.59538,1.00894
-9.82211,1.00896
-9.945,1.00965
