11.95583,1.00206
11.8066,1.00197
11.64043,1.00103
11.49753,1.00191
11.232,1.00155
11.11817,1.00132
11.00837,1.001
10.77447,1.00004
10.60847,1.00067
10.51262,1.00035
10.26663,1.00047
10.12565,1.00154
9.9129,1.00117
9.73031,1.00062
9.56053,1.00039
9.42103,1.00057
9.30288,1.00043
9.09234,1.00029
8.91244,1.0007
8.83293,1.0007
8.59229,1.00029
8.44292,0.99939
8.26571,1.00003
8.07022,1.00076
7.89515,1.00058
7.75702,1.00063
7.59831,1.00127
7.45533,1.0015
7.26896,1.00246
7.10093,1.00242
6.92467,1.00283
6.77687,1.00365
6.59998,1.00401
6.41961,1.00465
6.24491,1.00493
6.10034,1.00547
5.89174,1.00673
5.76805,1.00682
5.59619,1.00682
5.48302,1.00727
5.29846,1.00803
5.16326,1.00852
4.90958,1.00879
4.7888,1.0091
4.61064,1.00959
4.45577,1.01061
4.27144,1.01167
4.10904,1.01392
3.93409,1.01636
3.76351,1.01938
3.59281,1.02347
3.45087,1.02826
3.19373,1.03878
3.1136,1.04207
2.92414,1.05266
2.72224,1.06433
2.58956,1.07064
2.45361,1.08035
2.29365,1.08964
2.13194,1.09938
1.965,1.10877
1.82582,1.11326
1.59089,1.11855
1.47277,1.1194
1.29475,1.11502
1.09306,1.10936
0.9554,1.10525
0.80861,1.09872
0.56753,1.08626
0.47818,1.08254
0.32021,1.07611
0.17131,1.07181
-0.07617,1.07095
-0.18513,1.07382
-0.33633,1.07728
-0.5733,1.08666
-0.75385,1.09507
-0.85705,1.10143
-1.08571,1.11094
-1.19089,1.11474
-1.35285,1.11919
-1.50795,1.12086
-1.64738,1.11967
-1.76646,1.11799
-1.97556,1.10869
-2.14565,1.10087
-2.30802,1.09064
-2.46061,1.08054
-2.66672,1.06761
-2.78967,1.06018
-2.96978,1.04973
-3.14995,1.04125
-3.30639,1.03439
-3.4191,1.03047
-3.69975,1.02219
-3.77879,1.02
-3.95901,1.01672
-4.10484,1.01459
-4.32594,1.01189
-4.44499,1.0115
-4.61567,1.01003
-4.81648,1.00977
-4.95725,1.0091
-5.07341,1.00919
-5.35166,1.00835
-5.45423,1.00853
-5.60552,1.00817
-5.85971,1.00696
-6.02215,1.00641
-6.09792,1.00637
-6.27382,1.00565
-6.46558,1.00492
-6.60999,1.00451
-6.7483,1.00433
-7.00209,1.00387
-7.14159,1.00346
-7.29363,1.00296
-7.51308,1.00286
-7.66254,1.00186
-7.77895,1.00208
-8.03263,1.00112
-8.12743,1.0003
-8.29232,1.00075
-8.39217,1.00025
-8.66664,1.00007
-8.76867,0.99961
-8.92694,1.00052
-9.17782,1.00007
-9.33695,0.99934
-9.45666,1.00066
-9.6718,0.99999
-9.79638,1.00099
-9.92976,1
-10.15113,0.9996
-10.34002,0.99952
-10.4732,1.00007
-10.64198,1.00044
-10.81908,1.00005
-10.97586,0.99943
-11.0879,1.00002
-11.32255,0.99949
-11.44851,0.99932
-11.59735,1
-11.78524,1.0001
-11.982,1.00081
