9.92635,1.00239
9.75679,1.00227
9.59837,1.0023
9.4729,1.00184
9.25657,1.00192
9.08525,1.00126
9.0018,1.0012
8.75203,1.00098
8.6063,1.00096
8.43035,1.0008
8.23213,1.00056
8.05326,1.0006
7.90233,1.00058
7.74303,1.00075
7.60087,1.00115
7.42699,1.00167
7.26956,1.00167
7.0937,1.00219
6.94012,1.0025
6.7627,1.00294
6.57,1.00344
6.39199,1.00375
6.24439,1.00415
6.00392,1.00518
5.87461,1.00601
5.69819,1.00602
5.58289,1.00653
5.40067,1.00747
5.23961,1.00813
4.98579,1.00948
4.8743,1.00929
4.69505,1.01044
4.54179,1.0111
4.35432,1.01338
4.20623,1.01386
4.02051,1.0164
3.85286,1.01969
3.66164,1.02306
3.51563,1.0267
3.24967,1.03441
3.16401,1.03742
2.99207,1.04435
2.7614,1.05494
2.61406,1.06337
2.47512,1.07096
2.31554,1.07986
2.13836,1.08977
1.97689,1.09881
1.84644,1.10424
1.58217,1.11477
1.46944,1.11784
1.29873,1.11914
1.0849,1.12046
0.93527,1.11922
0.79159,1.11422
0.56897,1.10909
0.45815,1.10652
0.29585,1.10303
0.14121,1.10049
-0.10506,1.10029
-0.21847,1.10103
-0.37353,1.10363
-0.57896,1.10875
-0.77289,1.11416
-0.88778,1.11682
-1.09582,1.12036
-1.21194,1.1214
-1.38668,1.12051
-1.55482,1.11694
-1.7132,1.11215
-1.8137,1.10762
-2.02093,1.09741
-2.20756,1.08669
-2.3964,1.07589
-2.54383,1.06717
-2.7395,1.0571
-2.87308,1.05125
-3.04717,1.04421
-3.25215,1.03616
-3.39156,1.03191
-3.51353,1.02759
-3.78956,1.02172
-3.89274,1.01995
-4.07556,1.01758
-4.22987,1.01477
-4.44669,1.01301
-4.56327,1.0117
-4.75325,1.00972
-4.95483,1.00883
-5.11465,1.00804
-5.21801,1.00726
-5.51519,1.00639
-5.6329,1.00574
-5.78408,1.00503
-6.04149,1.00417
-6.18786,1.00377
-6.27385,1.00349
-6.46124,1.00295
-6.64459,1.00272
-6.79849,1.00211
-6.90991,1.00158
-7.19762,1.00133
-7.30648,1.00095
-7.48206,1.00083
-7.70068,1.00078
-7.86132,0.99994
-7.98278,0.9996
-8.23765,0.99902
-8.35977,0.99949
-8.5013,0.99961
-8.6288,0.99945
-8.90026,0.99929
-9.0262,0.99933
-9.17664,0.99925
-9.42582,0.99939
-9.58,0.9998
-9.69099,0.99972
-9.94025,0.99998
