7.98666,1.00381
7.76237,1.00341
7.62733,1.00262
7.4571,1.00249
7.28481,1.00218
7.12488,1.00233
6.98969,1.00255
6.84732,1.00256
6.72083,1.00304
6.55531,1.0034
6.405,1.00317
6.25914,1.00345
6.12821,1.0046
5.9574,1.00476
5.80211,1.00538
5.64072,1.00679
5.50208,1.00766
5.29477,1.00915
5.19098,1.00976
5.02911,1.01149
4.92278,1.01236
4.76772,1.01363
4.63414,1.01516
4.39653,1.01934
4.29394,1.01968
4.13404,1.02293
4.00853,1.02505
3.83698,1.0291
3.6758,1.03297
3.52039,1.03899
3.38295,1.04417
3.22576,1.05092
3.08465,1.05713
2.87067,1.06878
2.78257,1.07406
2.6393,1.0841
2.44454,1.09669
2.29553,1.10763
2.2035,1.11468
2.04812,1.12563
1.89947,1.13444
1.75741,1.14183
1.64312,1.14633
1.43175,1.1489
1.31404,1.14761
1.16128,1.14234
0.97667,1.13263
0.83505,1.12228
0.71398,1.11336
0.50002,1.09726
0.41772,1.09243
0.27584,1.08593
0.13576,1.08217
-0.07727,1.08049
-0.18594,1.08231
-0.35557,1.08942
-0.54909,1.10054
-0.69809,1.1119
-0.79358,1.11972
-0.98027,1.13287
-1.09862,1.14003
-1.24662,1.14642
-1.37651,1.14971
-1.50483,1.14952
-1.61129,1.14833
-1.79595,1.14084
-1.96214,1.13233
-2.10615,1.12184
-2.23924,1.11254
-2.42327,1.0989
-2.52945,1.09158
-2.68391,1.07945
-2.85751,1.06776
-2.99972,1.06004
-3.10488,1.05444
-3.35952,1.04259
-3.42723,1.04004
-3.57829,1.03462
-3.71816,1.03103
-3.90036,1.02479
-4.00929,1.0228
-4.17599,1.01962
-4.36579,1.01638
-4.49011,1.01407
-4.59436,1.01235
-4.84751,1.00982
-4.9632,1.00849
-5.09531,1.0071
-5.32392,1.00463
-5.46598,1.00389
-5.54319,1.00374
-5.71197,1.00344
-5.88397,1.0021
-6.01544,1.00109
-6.12466,1.00087
-6.37993,0.99964
-6.49622,0.99943
-6.63804,0.99893
-6.83417,0.99831
-6.9691,0.99809
-7.08543,0.99762
-7.31452,0.99725
-7.42248,0.99744
-7.55792,0.99763
-7.66593,0.99755
-7.91677,0.99794
